%YAML:1.0
---
points: [ 2.89967651e+02, 2.04679184e+02, 2.90807587e+02, 2.23923141e+02,
    2.91665070e+02, 2.43252655e+02, 2.92539276e+02, 2.63665466e+02,
    2.93657593e+02, 2.84349701e+02, 2.94440582e+02, 3.06258820e+02,
    2.70626801e+02, 2.05163544e+02, 2.71119598e+02, 2.24292953e+02,
    2.71662079e+02, 2.43932663e+02, 2.72433289e+02, 2.63884277e+02,
    2.72929932e+02, 2.84680603e+02, 2.73675995e+02, 3.06348389e+02,
    2.51333176e+02, 2.05882629e+02, 2.51633118e+02, 2.25040497e+02,
    2.51837296e+02, 2.44159058e+02, 2.52070297e+02, 2.64237183e+02,
    2.52520752e+02, 2.84969696e+02, 2.52502869e+02, 3.07043884e+02,
    2.32301712e+02, 2.06185318e+02, 2.32216492e+02, 2.25180099e+02,
    2.32056732e+02, 2.44817474e+02, 2.31865952e+02, 2.64609955e+02,
    2.31635254e+02, 2.85319550e+02, 2.31766937e+02, 3.07162811e+02,
    2.12653793e+02, 2.06659088e+02, 2.12298523e+02, 2.25833282e+02,
    2.11971146e+02, 2.44969666e+02, 2.11573639e+02, 2.65006165e+02,
    2.10943970e+02, 2.85763672e+02, 2.10641312e+02, 3.07561676e+02,
    1.93400253e+02, 2.06925659e+02, 1.92985870e+02, 2.26108582e+02,
    1.92181046e+02, 2.45266846e+02, 1.91284882e+02, 2.65322754e+02,
    1.90548965e+02, 2.86072144e+02, 1.89509781e+02, 3.07967682e+02,
    1.74126160e+02, 2.07118179e+02, 1.73327713e+02, 2.26371201e+02,
    1.72210541e+02, 2.45891251e+02, 1.71140839e+02, 2.65831055e+02,
    1.69781311e+02, 2.86716309e+02, 1.68619934e+02, 3.08400787e+02,
    1.54406631e+02, 2.07488632e+02, 1.53500443e+02, 2.26862350e+02,
    1.52143402e+02, 2.46076035e+02, 1.50733383e+02, 2.66296204e+02,
    1.49328110e+02, 2.86976501e+02, 1.47745621e+02, 3.08811768e+02,
    1.35285645e+02, 2.08005249e+02, 1.33808014e+02, 2.26985718e+02,
    1.32079453e+02, 2.46663910e+02, 1.30388855e+02, 2.66825104e+02,
    1.28672043e+02, 2.87575897e+02, 1.27168877e+02, 3.09160400e+02 ]
