%YAML:1.0
---
points: [ 1.00837836e+03, 5.41412048e+02, 1.00889471e+03, 5.95917664e+02,
    1.00957928e+03, 6.49512756e+02, 1.01016083e+03, 7.02624756e+02,
    1.01072144e+03, 7.55917908e+02, 1.01127478e+03, 8.09316711e+02,
    9.54697998e+02, 5.42258484e+02, 9.55380371e+02, 5.96597107e+02,
    9.56005249e+02, 6.49978394e+02, 9.56669189e+02, 7.03334717e+02,
    9.57470886e+02, 7.56926880e+02, 9.58056091e+02, 8.10272888e+02,
    9.00974243e+02, 5.42949097e+02, 9.01683716e+02, 5.97313660e+02,
    9.02375732e+02, 6.50828247e+02, 9.03158875e+02, 7.04366760e+02,
    9.03777283e+02, 7.58296265e+02, 9.04616516e+02, 8.11473938e+02,
    8.47206482e+02, 5.43767822e+02, 8.48034546e+02, 5.98124634e+02,
    8.48781067e+02, 6.51672302e+02, 8.49476562e+02, 7.05572021e+02,
    8.50199097e+02, 7.59439758e+02, 8.51016235e+02, 8.12690247e+02,
    7.92341675e+02, 5.44661987e+02, 7.93328491e+02, 5.98981018e+02,
    7.94288147e+02, 6.52969849e+02, 7.94927917e+02, 7.06746033e+02,
    7.95608643e+02, 7.60680664e+02, 7.96639160e+02, 8.13979675e+02,
    7.38026611e+02, 5.45452148e+02, 7.39315125e+02, 5.99808899e+02,
    7.39890076e+02, 6.53917969e+02, 7.40626099e+02, 7.07945374e+02,
    7.41457764e+02, 7.61770264e+02, 7.42529846e+02, 8.15862854e+02,
    6.83153503e+02, 5.46269592e+02, 6.84699036e+02, 6.00940430e+02,
    6.85398865e+02, 6.55042786e+02, 6.86218262e+02, 7.08959167e+02,
    6.86912109e+02, 7.62953674e+02, 6.88003601e+02, 8.17266968e+02,
    6.28162415e+02, 5.47169189e+02, 6.29728882e+02, 6.01920288e+02,
    6.30606812e+02, 6.56192017e+02, 6.31653809e+02, 7.10190918e+02,
    6.32592407e+02, 7.64260376e+02, 6.33553040e+02, 8.18501343e+02,
    5.72747803e+02, 5.48164795e+02, 5.74350220e+02, 6.02869385e+02,
    5.75304077e+02, 6.57275574e+02, 5.76437500e+02, 7.11577698e+02,
    5.77628174e+02, 7.65546387e+02, 5.79663269e+02, 8.19234802e+02 ]
