%YAML:1.0
---
points: [ 2.89077026e+02, 2.13280792e+02, 2.89391327e+02, 2.38896591e+02,
    2.90063110e+02, 2.63910461e+02, 2.90547516e+02, 2.89049652e+02,
    2.91208557e+02, 3.14387451e+02, 2.91732025e+02, 3.39938141e+02,
    2.63908447e+02, 2.13918488e+02, 2.64521942e+02, 2.39167297e+02,
    2.65021729e+02, 2.64231781e+02, 2.65640442e+02, 2.89219635e+02,
    2.66113892e+02, 3.14980682e+02, 2.66590881e+02, 3.40382172e+02,
    2.39127869e+02, 2.14191086e+02, 2.39678909e+02, 2.39647171e+02,
    2.40152435e+02, 2.64658325e+02, 2.40523987e+02, 2.90056580e+02,
    2.40893509e+02, 3.15593140e+02, 2.41509766e+02, 3.40964386e+02,
    2.14255096e+02, 2.14873749e+02, 2.14685455e+02, 2.40168854e+02,
    2.15137985e+02, 2.65284302e+02, 2.15474899e+02, 2.90645660e+02,
    2.15683228e+02, 3.16294220e+02, 2.16171021e+02, 3.41747192e+02,
    1.88972015e+02, 2.15439224e+02, 1.89271286e+02, 2.40905609e+02,
    1.89580109e+02, 2.66042572e+02, 1.89858688e+02, 2.91419586e+02,
    1.90124969e+02, 3.17120087e+02, 1.90737091e+02, 3.42274353e+02,
    1.63521210e+02, 2.16084839e+02, 1.64224365e+02, 2.41408981e+02,
    1.64320328e+02, 2.66786926e+02, 1.64420639e+02, 2.92248322e+02,
    1.64629150e+02, 3.17831604e+02, 1.65081497e+02, 3.43213196e+02,
    1.37961227e+02, 2.16764587e+02, 1.38492615e+02, 2.42071091e+02,
    1.38673904e+02, 2.67496735e+02, 1.38982635e+02, 2.92886292e+02,
    1.39267181e+02, 3.18343628e+02, 1.39807419e+02, 3.43920746e+02,
    1.12043480e+02, 2.17094818e+02, 1.12947083e+02, 2.42819382e+02,
    1.13119545e+02, 2.68031891e+02, 1.13531242e+02, 2.93563477e+02,
    1.13958511e+02, 3.18884125e+02, 1.14532921e+02, 3.44266693e+02,
    8.67312317e+01, 2.17804642e+02, 8.73538742e+01, 2.43239273e+02,
    8.74836884e+01, 2.68840179e+02, 8.82068863e+01, 2.93939331e+02,
    8.89031601e+01, 3.19213440e+02, 9.02049255e+01, 3.44010773e+02 ]
