%YAML:1.0
---
points: [ 9.55820312e+02, 5.60835022e+02, 9.56518921e+02, 6.33837769e+02,
    9.57317749e+02, 7.06303650e+02, 9.57847778e+02, 7.78294434e+02,
    9.58618713e+02, 8.51333618e+02, 9.59198364e+02, 9.24532166e+02,
    8.84219177e+02, 5.61510193e+02, 8.84716980e+02, 6.34438599e+02,
    8.85377991e+02, 7.06589600e+02, 8.86006409e+02, 7.78812927e+02,
    8.86419128e+02, 8.52247864e+02, 8.86858887e+02, 9.25398010e+02,
    8.12305054e+02, 5.62202271e+02, 8.12901978e+02, 6.35024719e+02,
    8.13374329e+02, 7.07315857e+02, 8.13674194e+02, 7.80043701e+02,
    8.13743347e+02, 8.53582275e+02, 8.14465332e+02, 9.26665466e+02,
    7.40280823e+02, 5.62931091e+02, 7.40844543e+02, 6.35845215e+02,
    7.41230835e+02, 7.08315125e+02, 7.41258606e+02, 7.81236877e+02,
    7.40939148e+02, 8.54878784e+02, 7.41838562e+02, 9.27986755e+02,
    6.66590820e+02, 5.63845886e+02, 6.67521118e+02, 6.36809326e+02,
    6.67534424e+02, 7.09410706e+02, 6.67406616e+02, 7.82546448e+02,
    6.66834839e+02, 8.56325500e+02, 6.67872131e+02, 9.29464050e+02,
    5.93567017e+02, 5.64655823e+02, 5.94832214e+02, 6.37858521e+02,
    5.94417908e+02, 7.10657288e+02, 5.93815125e+02, 7.84148071e+02,
    5.93507446e+02, 8.57686218e+02, 5.94144592e+02, 9.31721741e+02,
    5.19639038e+02, 5.65536072e+02, 5.21049316e+02, 6.38920654e+02,
    5.20499084e+02, 7.11995544e+02, 5.20352356e+02, 7.85335083e+02,
    5.19764587e+02, 8.59059875e+02, 5.20391846e+02, 9.33243591e+02,
    4.45376190e+02, 5.66241638e+02, 4.46794250e+02, 6.39850830e+02,
    4.46447540e+02, 7.13240295e+02, 4.46340637e+02, 7.86513916e+02,
    4.46355225e+02, 8.60097168e+02, 4.46639374e+02, 9.34342224e+02,
    3.71186798e+02, 5.67217896e+02, 3.71952362e+02, 6.41000122e+02,
    3.71668579e+02, 7.14324768e+02, 3.72141174e+02, 7.87609009e+02,
    3.72438446e+02, 8.61194336e+02, 3.74489288e+02, 9.34231079e+02 ]
