%YAML:1.0
---
points: [ 2.99846832e+02, 2.16714844e+02, 2.99738861e+02, 2.45461365e+02,
    2.99915466e+02, 2.74459290e+02, 3.00177704e+02, 3.03304474e+02,
    3.00488739e+02, 3.32589844e+02, 3.00868378e+02, 3.61641541e+02,
    2.72160706e+02, 2.16367218e+02, 2.72403473e+02, 2.44436264e+02,
    2.72684021e+02, 2.72538269e+02, 2.72922699e+02, 3.00708771e+02,
    2.72724670e+02, 3.29462036e+02, 2.73028961e+02, 3.57797638e+02,
    2.46525787e+02, 2.16239777e+02, 2.46672852e+02, 2.43680511e+02,
    2.46742050e+02, 2.71071899e+02, 2.46655197e+02, 2.98591827e+02,
    2.46315842e+02, 3.26681671e+02, 2.46810806e+02, 3.54293121e+02,
    2.21693359e+02, 2.16185944e+02, 2.21986755e+02, 2.43047379e+02,
    2.21694061e+02, 2.69581573e+02, 2.21527283e+02, 2.96606018e+02,
    2.21175293e+02, 3.23973541e+02, 2.21665833e+02, 3.50965759e+02,
    1.97565826e+02, 2.16172913e+02, 1.97898163e+02, 2.42274292e+02,
    1.97639633e+02, 2.68332184e+02, 1.97393616e+02, 2.94767029e+02,
    1.96853165e+02, 3.21359192e+02, 1.97602173e+02, 3.47671631e+02,
    1.74889877e+02, 2.15995804e+02, 1.75282944e+02, 2.41797714e+02,
    1.74778961e+02, 2.67188141e+02, 1.74273239e+02, 2.93129608e+02,
    1.74076248e+02, 3.18942627e+02, 1.74194427e+02, 3.44730896e+02,
    1.52750458e+02, 2.16100723e+02, 1.53156052e+02, 2.41095673e+02,
    1.52787613e+02, 2.66261139e+02, 1.52505966e+02, 2.91300323e+02,
    1.52212616e+02, 3.16560608e+02, 1.52462631e+02, 3.41971466e+02,
    1.31350159e+02, 2.15968124e+02, 1.32054413e+02, 2.40720230e+02,
    1.31698914e+02, 2.65101166e+02, 1.31506561e+02, 2.89762543e+02,
    1.31490952e+02, 3.14276215e+02, 1.31664871e+02, 3.39023224e+02,
    1.11509354e+02, 2.16020660e+02, 1.11854897e+02, 2.40039246e+02,
    1.11489388e+02, 2.64134766e+02, 1.11587997e+02, 2.88078552e+02,
    1.11663795e+02, 3.12048767e+02, 1.12646721e+02, 3.35859619e+02 ]
