%YAML:1.0
---
points: [ 3.43743530e+02, 2.07746231e+02, 3.44589325e+02, 2.32083969e+02,
    3.45578705e+02, 2.57310181e+02, 3.46865601e+02, 2.83961700e+02,
    3.47773254e+02, 3.10695404e+02, 3.48732422e+02, 3.39316315e+02,
    3.18635101e+02, 2.08343643e+02, 3.19179138e+02, 2.32344940e+02,
    3.19523163e+02, 2.57134888e+02, 3.20190277e+02, 2.82760712e+02,
    3.20559692e+02, 3.09691742e+02, 3.21209015e+02, 3.37913849e+02,
    2.94455048e+02, 2.08911667e+02, 2.94411133e+02, 2.32608063e+02,
    2.94360901e+02, 2.56929749e+02, 2.94293396e+02, 2.82225037e+02,
    2.94334778e+02, 3.08601288e+02, 2.94169739e+02, 3.36697052e+02,
    2.70832764e+02, 2.09141571e+02, 2.70382690e+02, 2.32618073e+02,
    2.69788055e+02, 2.56591003e+02, 2.69206543e+02, 2.81676331e+02,
    2.68507324e+02, 3.07810822e+02, 2.67975708e+02, 3.35334778e+02,
    2.47487747e+02, 2.09388321e+02, 2.46519455e+02, 2.32754440e+02,
    2.45534241e+02, 2.56257050e+02, 2.44393188e+02, 2.81129181e+02,
    2.43131958e+02, 3.06982910e+02, 2.42060959e+02, 3.34235260e+02,
    2.24878815e+02, 2.09681152e+02, 2.23695282e+02, 2.32897537e+02,
    2.22124588e+02, 2.56015198e+02, 2.20389893e+02, 2.80502930e+02,
    2.18626572e+02, 3.06177277e+02, 2.17058990e+02, 3.33137421e+02,
    2.02581146e+02, 2.09885666e+02, 2.01031219e+02, 2.32788315e+02,
    1.99069244e+02, 2.56031799e+02, 1.97082581e+02, 2.80019501e+02,
    1.94752136e+02, 3.05331604e+02, 1.92619919e+02, 3.32103119e+02,
    1.80541092e+02, 2.09995865e+02, 1.78905060e+02, 2.32901749e+02,
    1.76530670e+02, 2.55816452e+02, 1.74072784e+02, 2.79876495e+02,
    1.71415680e+02, 3.04755341e+02, 1.68816010e+02, 3.30930298e+02,
    1.59380356e+02, 2.10713455e+02, 1.57007385e+02, 2.32850189e+02,
    1.54194077e+02, 2.55753082e+02, 1.51476303e+02, 2.79359467e+02,
    1.48627747e+02, 3.04070465e+02, 1.45944504e+02, 3.30016205e+02 ]
