%YAML:1.0
---
points: [ 1.00628070e+03, 5.39205811e+02, 1.00687909e+03, 5.91230713e+02,
    1.00750787e+03, 6.42450500e+02, 1.00778082e+03, 6.93228638e+02,
    1.00864142e+03, 7.44302185e+02, 1.00879663e+03, 7.95181335e+02,
    9.55575378e+02, 5.40343323e+02, 9.56316528e+02, 5.92609375e+02,
    9.56948303e+02, 6.44253296e+02, 9.57623535e+02, 6.95519348e+02,
    9.58782654e+02, 7.47149963e+02, 9.58956177e+02, 7.98456299e+02,
    9.04115601e+02, 5.41329407e+02, 9.04900513e+02, 5.94124329e+02,
    9.05682190e+02, 6.46146729e+02, 9.06671509e+02, 6.98124878e+02,
    9.07643860e+02, 7.50457642e+02, 9.08061829e+02, 8.02115051e+02,
    8.52015015e+02, 5.42644470e+02, 8.52887329e+02, 5.95902405e+02,
    8.53726440e+02, 6.48484070e+02, 8.54627380e+02, 7.01159607e+02,
    8.55671326e+02, 7.53770203e+02, 8.56288574e+02, 8.05853943e+02,
    7.98185242e+02, 5.43943176e+02, 7.99017822e+02, 5.97624756e+02,
    8.00253845e+02, 6.50684326e+02, 8.01263367e+02, 7.03842163e+02,
    8.02144470e+02, 7.57097473e+02, 8.02740723e+02, 8.09713867e+02,
    7.43854126e+02, 5.45184265e+02, 7.44862610e+02, 5.99381531e+02,
    7.46009033e+02, 6.53183044e+02, 7.47198120e+02, 7.06917419e+02,
    7.48033203e+02, 7.60494690e+02, 7.48811829e+02, 8.14106140e+02,
    6.88230042e+02, 5.46497009e+02, 6.89529297e+02, 6.01351624e+02,
    6.90499146e+02, 6.55520447e+02, 6.91577209e+02, 7.09731506e+02,
    6.92472351e+02, 7.64009033e+02, 6.93527283e+02, 8.18227234e+02,
    6.31567566e+02, 5.47912842e+02, 6.32924438e+02, 6.03241699e+02,
    6.33942993e+02, 6.58200684e+02, 6.35051270e+02, 7.12886230e+02,
    6.36209900e+02, 7.67325623e+02, 6.37311768e+02, 8.22517883e+02,
    5.73173401e+02, 5.49355713e+02, 5.74738647e+02, 6.05333923e+02,
    5.75913086e+02, 6.60828735e+02, 5.77150513e+02, 7.16036926e+02,
    5.78404480e+02, 7.71018066e+02, 5.79987549e+02, 8.25905090e+02 ]
