%YAML:1.0
---
points: [ 9.71658264e+02, 5.69812195e+02, 9.70928833e+02, 6.53630249e+02,
    9.70684204e+02, 7.36613586e+02, 9.70810730e+02, 8.19508301e+02,
    9.69930542e+02, 9.03708496e+02, 9.70287842e+02, 9.88209717e+02,
    8.96299438e+02, 5.68744995e+02, 8.95853882e+02, 6.50139160e+02,
    8.95689331e+02, 7.30645874e+02, 8.95406372e+02, 8.11705200e+02,
    8.93496399e+02, 8.94029968e+02, 8.93694336e+02, 9.76242676e+02,
    8.24728638e+02, 5.67583130e+02, 8.24473694e+02, 6.46803101e+02,
    8.23658691e+02, 7.25509338e+02, 8.22355835e+02, 8.04843323e+02,
    8.20040100e+02, 8.85358765e+02, 8.20720459e+02, 9.65094177e+02,
    7.55937622e+02, 5.66655640e+02, 7.55509888e+02, 6.44166992e+02,
    7.54472412e+02, 7.20956116e+02, 7.52650513e+02, 7.98455383e+02,
    7.50306824e+02, 8.76826843e+02, 7.50965210e+02, 9.54719971e+02,
    6.88528564e+02, 5.65921021e+02, 6.88703979e+02, 6.41401306e+02,
    6.87042175e+02, 7.16802795e+02, 6.85326904e+02, 7.92416138e+02,
    6.82695251e+02, 8.69033875e+02, 6.83739868e+02, 9.44797302e+02,
    6.24911011e+02, 5.65137634e+02, 6.25726929e+02, 6.39033447e+02,
    6.23442322e+02, 7.12598511e+02, 6.21217590e+02, 7.86891479e+02,
    6.19404846e+02, 8.61250732e+02, 6.19203491e+02, 9.36181030e+02,
    5.63739502e+02, 5.64453125e+02, 5.64506348e+02, 6.36669739e+02,
    5.62326599e+02, 7.08704773e+02, 5.60716309e+02, 7.81190430e+02,
    5.58827698e+02, 8.54067810e+02, 5.58415222e+02, 9.27422852e+02,
    5.04726837e+02, 5.63614380e+02, 5.05677582e+02, 6.34506531e+02,
    5.03770111e+02, 7.05192444e+02, 5.02433960e+02, 7.75802673e+02,
    5.01364990e+02, 8.46781372e+02, 5.00501953e+02, 9.18617371e+02,
    4.49159332e+02, 5.62959412e+02, 4.48830231e+02, 6.32500000e+02,
    4.47308075e+02, 7.01681580e+02, 4.46733765e+02, 7.70661072e+02,
    4.45658722e+02, 8.39936951e+02, 4.47242249e+02, 9.09386475e+02 ]
