%YAML:1.0
---
points: [ 9.91594849e+02, 5.45341614e+02, 9.91970337e+02, 6.04311646e+02,
    9.92642029e+02, 6.62575378e+02, 9.93633972e+02, 7.20481812e+02,
    9.94167358e+02, 7.78667969e+02, 9.95236511e+02, 8.36635620e+02,
    9.35884583e+02, 5.45325195e+02, 9.36673462e+02, 6.03388489e+02,
    9.37520020e+02, 6.60682556e+02, 9.38332825e+02, 7.17835449e+02,
    9.38421265e+02, 7.75465698e+02, 9.39502869e+02, 8.32595825e+02,
    8.81740417e+02, 5.45395264e+02, 8.82722839e+02, 6.02603516e+02,
    8.83430725e+02, 6.59209961e+02, 8.83753052e+02, 7.15616638e+02,
    8.83810669e+02, 7.72371216e+02, 8.85346191e+02, 8.28580566e+02,
    8.29020813e+02, 5.45468567e+02, 8.29752502e+02, 6.01957275e+02,
    8.30478821e+02, 6.57718628e+02, 8.30724243e+02, 7.13493835e+02,
    8.30804443e+02, 7.69545898e+02, 8.32450806e+02, 8.24832031e+02,
    7.76381775e+02, 5.45631653e+02, 7.77728943e+02, 6.01357117e+02,
    7.78213440e+02, 6.56355896e+02, 7.78546326e+02, 7.11547974e+02,
    7.78552734e+02, 7.66693298e+02, 7.80435608e+02, 8.21482849e+02,
    7.26018311e+02, 5.45799194e+02, 7.27709351e+02, 6.00707520e+02,
    7.27818726e+02, 6.55121338e+02, 7.27881897e+02, 7.09539612e+02,
    7.28502197e+02, 7.64037720e+02, 7.29625732e+02, 8.18369446e+02,
    6.76463867e+02, 5.45998657e+02, 6.78375305e+02, 6.00273071e+02,
    6.78589417e+02, 6.54023560e+02, 6.79216858e+02, 7.07554810e+02,
    6.79564270e+02, 7.61197388e+02, 6.80712402e+02, 8.15120056e+02,
    6.28214478e+02, 5.45973328e+02, 6.30129272e+02, 5.99650574e+02,
    6.30539551e+02, 6.52837280e+02, 6.31408203e+02, 7.05734009e+02,
    6.32274902e+02, 7.58673157e+02, 6.33178284e+02, 8.12144470e+02,
    5.81290466e+02, 5.46353149e+02, 5.82802856e+02, 5.99220215e+02,
    5.83455994e+02, 6.51585144e+02, 5.84708130e+02, 7.03833130e+02,
    5.85662659e+02, 7.56023926e+02, 5.88039856e+02, 8.08167664e+02 ]
