%YAML:1.0
---
points: [ 2.62306458e+02, 2.10377548e+02, 2.62984039e+02, 2.32023270e+02,
    2.63524292e+02, 2.53161301e+02, 2.63979736e+02, 2.74354034e+02,
    2.64766693e+02, 2.95880890e+02, 2.65159668e+02, 3.17464294e+02,
    2.41533569e+02, 2.11208725e+02, 2.42174194e+02, 2.32784729e+02,
    2.42721390e+02, 2.54294113e+02, 2.43407196e+02, 2.75804932e+02,
    2.43919464e+02, 2.97803650e+02, 2.44447281e+02, 3.19545044e+02,
    2.20319824e+02, 2.11827591e+02, 2.20797897e+02, 2.33851974e+02,
    2.21390335e+02, 2.55389862e+02, 2.21990799e+02, 2.77504425e+02,
    2.22678391e+02, 2.99718384e+02, 2.23073059e+02, 3.21822998e+02,
    1.98568787e+02, 2.12464844e+02, 1.99031189e+02, 2.34835907e+02,
    1.99470993e+02, 2.57039032e+02, 2.00064178e+02, 2.79196991e+02,
    2.00634415e+02, 3.01819916e+02, 2.01062561e+02, 3.24375397e+02,
    1.75419800e+02, 2.13235611e+02, 1.76071030e+02, 2.36175415e+02,
    1.76481445e+02, 2.58353821e+02, 1.77220123e+02, 2.81116211e+02,
    1.77520035e+02, 3.04024933e+02, 1.78119202e+02, 3.26809509e+02,
    1.52267838e+02, 2.13976242e+02, 1.52869873e+02, 2.37123795e+02,
    1.53162842e+02, 2.60094177e+02, 1.53572830e+02, 2.83135376e+02,
    1.54218216e+02, 3.06189301e+02, 1.54472610e+02, 3.29406189e+02,
    1.27511589e+02, 2.14638565e+02, 1.28324524e+02, 2.38062363e+02,
    1.28753891e+02, 2.61648895e+02, 1.29399963e+02, 2.84903778e+02,
    1.29729782e+02, 3.08478516e+02, 1.30467010e+02, 3.31998291e+02,
    1.02535316e+02, 2.15560974e+02, 1.03306366e+02, 2.39464203e+02,
    1.03786667e+02, 2.63059113e+02, 1.04370506e+02, 2.86911591e+02,
    1.05025566e+02, 3.10521942e+02, 1.05751678e+02, 3.34394836e+02,
    7.70967789e+01, 2.16384659e+02, 7.77172470e+01, 2.40594131e+02,
    7.81659927e+01, 2.64756622e+02, 7.88619766e+01, 2.88714325e+02,
    7.97364731e+01, 3.12695923e+02, 8.09501724e+01, 3.36340668e+02 ]
