%YAML:1.0
---
points: [ 2.67064484e+02, 2.07803940e+02, 2.70209045e+02, 2.30309586e+02,
    2.73355194e+02, 2.53367584e+02, 2.76320557e+02, 2.77404541e+02,
    2.80046265e+02, 3.02275818e+02, 2.83439026e+02, 3.28593018e+02,
    2.45199524e+02, 2.08852463e+02, 2.47840027e+02, 2.31828705e+02,
    2.50660080e+02, 2.55423447e+02, 2.53615067e+02, 2.79757538e+02,
    2.56962708e+02, 3.05264221e+02, 2.59994080e+02, 3.32088745e+02,
    2.22513702e+02, 2.09957474e+02, 2.24832092e+02, 2.33369659e+02,
    2.27241806e+02, 2.57361115e+02, 2.29887695e+02, 2.82343231e+02,
    2.32786896e+02, 3.08386932e+02, 2.35337997e+02, 3.35958557e+02,
    1.98836273e+02, 2.10848892e+02, 2.00921738e+02, 2.34833069e+02,
    2.02966446e+02, 2.59367584e+02, 2.05186234e+02, 2.85016449e+02,
    2.07510406e+02, 3.11834015e+02, 2.09621185e+02, 3.39938446e+02,
    1.73927963e+02, 2.11718796e+02, 1.75364029e+02, 2.36420715e+02,
    1.77138550e+02, 2.61530060e+02, 1.78766891e+02, 2.87959625e+02,
    1.80648666e+02, 3.15352295e+02, 1.82277115e+02, 3.44277527e+02,
    1.47967270e+02, 2.12635147e+02, 1.49089233e+02, 2.38064697e+02,
    1.50157272e+02, 2.63895874e+02, 1.51411957e+02, 2.90762360e+02,
    1.52483704e+02, 3.18925842e+02, 1.54039703e+02, 3.48582855e+02,
    1.20468231e+02, 2.13556534e+02, 1.21167725e+02, 2.39769943e+02,
    1.21819069e+02, 2.66198517e+02, 1.22327400e+02, 2.93723633e+02,
    1.23339752e+02, 3.22687347e+02, 1.24328789e+02, 3.52996277e+02,
    9.18388824e+01, 2.14485474e+02, 9.21992264e+01, 2.41250122e+02,
    9.21884842e+01, 2.68678497e+02, 9.26187057e+01, 2.96976746e+02,
    9.27015839e+01, 3.26495148e+02, 9.33648834e+01, 3.57171600e+02,
    6.26602402e+01, 2.15895538e+02, 6.20042496e+01, 2.42914383e+02,
    6.16035194e+01, 2.70942596e+02, 6.13486710e+01, 2.99797272e+02,
    6.15767326e+01, 3.29992615e+02, 6.24547424e+01, 3.60917206e+02 ]
