%YAML:1.0
---
points: [ 8.94123291e+02, 5.51406494e+02, 8.95274658e+02, 6.13418213e+02,
    8.96214661e+02, 6.74747070e+02, 8.96821899e+02, 7.35732178e+02,
    8.98039856e+02, 7.97397034e+02, 8.98634827e+02, 8.59484741e+02,
    8.33099792e+02, 5.52730774e+02, 8.33899231e+02, 6.15392395e+02,
    8.34880920e+02, 6.77213135e+02, 8.35882141e+02, 7.39426086e+02,
    8.37207581e+02, 8.02185425e+02, 8.37720032e+02, 8.64960999e+02,
    7.70377625e+02, 5.54039246e+02, 7.71353882e+02, 6.17563538e+02,
    7.72374023e+02, 6.80421021e+02, 7.73332092e+02, 7.43546509e+02,
    7.74456360e+02, 8.07443054e+02, 7.74807556e+02, 8.70980774e+02,
    7.06261719e+02, 5.55399109e+02, 7.07151611e+02, 6.19700562e+02,
    7.07851685e+02, 6.83556946e+02, 7.08711487e+02, 7.48094299e+02,
    7.09566589e+02, 8.12750244e+02, 7.10258423e+02, 8.77186951e+02,
    6.38749817e+02, 5.56739746e+02, 6.39669250e+02, 6.22319885e+02,
    6.40437073e+02, 6.87287048e+02, 6.41256775e+02, 7.52577271e+02,
    6.41743958e+02, 8.18443481e+02, 6.42443542e+02, 8.83929810e+02,
    5.69887390e+02, 5.58225098e+02, 5.70948364e+02, 6.24637268e+02,
    5.71464905e+02, 6.90891602e+02, 5.72032043e+02, 7.57436035e+02,
    5.72605713e+02, 8.24140808e+02, 5.73220703e+02, 8.91354248e+02,
    4.98319183e+02, 5.59755981e+02, 4.99457520e+02, 6.27500610e+02,
    4.99976715e+02, 6.94727356e+02, 5.00590363e+02, 7.62165894e+02,
    5.00879944e+02, 8.29866516e+02, 5.01565979e+02, 8.98298706e+02,
    4.24333466e+02, 5.61289062e+02, 4.25619263e+02, 6.30072510e+02,
    4.26157532e+02, 6.98513794e+02, 4.26708893e+02, 7.67078796e+02,
    4.27232819e+02, 8.35811890e+02, 4.27841675e+02, 9.05419861e+02,
    3.48064941e+02, 5.62936157e+02, 3.49157471e+02, 6.33066895e+02,
    3.49510040e+02, 7.02551941e+02, 3.50282928e+02, 7.72075500e+02,
    3.50961029e+02, 8.41802307e+02, 3.52708740e+02, 9.11513794e+02 ]
