%YAML:1.0
---
points: [ 9.20974243e+02, 5.52617615e+02, 9.30286682e+02, 6.15127502e+02,
    9.39430115e+02, 6.74804626e+02, 9.48572083e+02, 7.32146729e+02,
    9.56917969e+02, 7.88096558e+02, 9.65824036e+02, 8.41464844e+02,
    8.59144592e+02, 5.56476074e+02, 8.69606873e+02, 6.17714661e+02,
    8.79648682e+02, 6.76069946e+02, 8.89513855e+02, 7.32699219e+02,
    8.98239319e+02, 7.88565491e+02, 9.07877991e+02, 8.41125305e+02,
    7.99344849e+02, 5.60254883e+02, 8.10700562e+02, 6.20146240e+02,
    8.21375732e+02, 6.78019043e+02, 8.31165588e+02, 7.34556091e+02,
    8.40674316e+02, 7.89618469e+02, 8.51608337e+02, 8.41023560e+02,
    7.40878845e+02, 5.64171692e+02, 7.52950623e+02, 6.23403625e+02,
    7.64030579e+02, 6.80624756e+02, 7.74517395e+02, 7.36441467e+02,
    7.84922424e+02, 7.90533203e+02, 7.96518799e+02, 8.41166565e+02,
    6.82762573e+02, 5.68604614e+02, 6.95991516e+02, 6.26579529e+02,
    7.07362854e+02, 6.83212097e+02, 7.18703186e+02, 7.38147705e+02,
    7.29590027e+02, 7.91376465e+02, 7.42288269e+02, 8.41390442e+02,
    6.27206299e+02, 5.72505615e+02, 6.41365601e+02, 6.29485046e+02,
    6.53282104e+02, 6.85581787e+02, 6.64898132e+02, 7.39817627e+02,
    6.76860779e+02, 7.92114014e+02, 6.89495911e+02, 8.42501404e+02,
    5.72527588e+02, 5.76455017e+02, 5.87431213e+02, 6.32856873e+02,
    6.00059998e+02, 6.87888611e+02, 6.12882507e+02, 7.40937988e+02,
    6.25256287e+02, 7.92590820e+02, 6.38368591e+02, 8.42706665e+02,
    5.19271057e+02, 5.80453430e+02, 5.34753906e+02, 6.35835022e+02,
    5.48441406e+02, 6.90308594e+02, 5.61837769e+02, 7.42490295e+02,
    5.75432617e+02, 7.93041382e+02, 5.88785522e+02, 8.42715271e+02,
    4.68192902e+02, 5.83836914e+02, 4.83536224e+02, 6.39111938e+02,
    4.97529449e+02, 6.92518188e+02, 5.12348633e+02, 7.43765991e+02,
    5.26437500e+02, 7.93474182e+02, 5.41754578e+02, 8.41166138e+02 ]
