%YAML:1.0
---
points: [ 1.01489563e+03, 5.47461060e+02, 1.01553802e+03, 6.05493591e+02,
    1.01604480e+03, 6.62846558e+02, 1.01643384e+03, 7.20169434e+02,
    1.01706976e+03, 7.77929443e+02, 1.01746472e+03, 8.36122803e+02,
    9.57858948e+02, 5.48040649e+02, 9.58329224e+02, 6.05941956e+02,
    9.58766113e+02, 6.63263550e+02, 9.59327148e+02, 7.20494812e+02,
    9.59723450e+02, 7.78548950e+02, 9.60163879e+02, 8.36634033e+02,
    9.00705994e+02, 5.48638367e+02, 9.01264893e+02, 6.06475159e+02,
    9.01574280e+02, 6.63790039e+02, 9.01873474e+02, 7.21358521e+02,
    9.02314514e+02, 7.79508057e+02, 9.02644409e+02, 8.37489807e+02,
    8.43575134e+02, 5.49094849e+02, 8.43942627e+02, 6.07008240e+02,
    8.44361328e+02, 6.64507202e+02, 8.44521545e+02, 7.22247803e+02,
    8.44675903e+02, 7.80377075e+02, 8.45199036e+02, 8.38273682e+02,
    7.85455444e+02, 5.49618286e+02, 7.85910095e+02, 6.07593933e+02,
    7.86179321e+02, 6.65235474e+02, 7.86272461e+02, 7.23005554e+02,
    7.86226990e+02, 7.81259827e+02, 7.86712158e+02, 8.39340576e+02,
    7.27840027e+02, 5.50230957e+02, 7.28539856e+02, 6.08220215e+02,
    7.28486389e+02, 6.65849548e+02, 7.28363708e+02, 7.23767822e+02,
    7.28434509e+02, 7.82129883e+02, 7.28636719e+02, 8.40686768e+02,
    6.69788574e+02, 5.50671204e+02, 6.70429077e+02, 6.08862244e+02,
    6.70328552e+02, 6.66636169e+02, 6.70331238e+02, 7.24607727e+02,
    6.70166382e+02, 7.82901306e+02, 6.70342346e+02, 8.41760803e+02,
    6.11479919e+02, 5.51201294e+02, 6.12299316e+02, 6.09528809e+02,
    6.12178284e+02, 6.67553162e+02, 6.12106262e+02, 7.25475281e+02,
    6.12049988e+02, 7.83879150e+02, 6.12091736e+02, 8.42850525e+02,
    5.53103088e+02, 5.51888855e+02, 5.53510193e+02, 6.10339783e+02,
    5.53387329e+02, 6.68407227e+02, 5.53494995e+02, 7.26504944e+02,
    5.53455872e+02, 7.84783020e+02, 5.54410706e+02, 8.43239624e+02 ]
