%YAML:1.0
---
points: [ 3.04333649e+02, 2.16951645e+02, 3.04316406e+02, 2.41250931e+02,
    3.04285370e+02, 2.65025360e+02, 3.04227509e+02, 2.88139343e+02,
    3.04346222e+02, 3.11231812e+02, 3.04162994e+02, 3.33611115e+02,
    2.79784271e+02, 2.17351822e+02, 2.79930420e+02, 2.41720200e+02,
    2.80130219e+02, 2.65261780e+02, 2.80378571e+02, 2.88395966e+02,
    2.80613403e+02, 3.11828674e+02, 2.80677155e+02, 3.34279510e+02,
    2.55215515e+02, 2.17826309e+02, 2.55591919e+02, 2.42046280e+02,
    2.55957703e+02, 2.65725861e+02, 2.56340637e+02, 2.89301422e+02,
    2.56730774e+02, 3.12455536e+02, 2.57044922e+02, 3.34963348e+02,
    2.30546249e+02, 2.18380264e+02, 2.31240997e+02, 2.42769928e+02,
    2.31738144e+02, 2.66431030e+02, 2.32351746e+02, 2.90122955e+02,
    2.32876862e+02, 3.13410706e+02, 2.33441925e+02, 3.35925232e+02,
    2.05479263e+02, 2.19082764e+02, 2.06334106e+02, 2.43399826e+02,
    2.07142227e+02, 2.67223846e+02, 2.07730484e+02, 2.90968018e+02,
    2.08428558e+02, 3.14206207e+02, 2.08940262e+02, 3.35857880e+02,
    1.80394989e+02, 2.19790100e+02, 1.81643417e+02, 2.44083252e+02,
    1.82551544e+02, 2.68056183e+02, 1.83305756e+02, 2.91846802e+02,
    1.84423019e+02, 3.15063568e+02, 1.85289490e+02, 3.37842194e+02,
    1.55118301e+02, 2.20404037e+02, 1.56497208e+02, 2.44881134e+02,
    1.57560974e+02, 2.68968353e+02, 1.58768784e+02, 2.92658905e+02,
    1.59836685e+02, 3.15981110e+02, 1.61205933e+02, 3.38830231e+02,
    1.29376419e+02, 2.21048645e+02, 1.31219330e+02, 2.45684570e+02,
    1.32582092e+02, 2.69862030e+02, 1.34086380e+02, 2.93462006e+02,
    1.35538391e+02, 3.16651703e+02, 1.37179825e+02, 3.39414307e+02,
    1.03695427e+02, 2.21723724e+02, 1.05908279e+02, 2.46390411e+02,
    1.07490219e+02, 2.70784271e+02, 1.09299728e+02, 2.94056183e+02,
    1.11212608e+02, 3.17166962e+02, 1.13435867e+02, 3.39581696e+02 ]
