%YAML:1.0
---
points: [ 3.02400116e+02, 2.08666840e+02, 3.02982239e+02, 2.28965347e+02,
    3.03266510e+02, 2.48779221e+02, 3.03652496e+02, 2.68720306e+02,
    3.04237335e+02, 2.88843567e+02, 3.04584412e+02, 3.09177917e+02,
    2.82611694e+02, 2.09123703e+02, 2.82928925e+02, 2.28993088e+02,
    2.83397491e+02, 2.49148148e+02, 2.83890320e+02, 2.68877411e+02,
    2.84317078e+02, 2.89191162e+02, 2.84744812e+02, 3.09410370e+02,
    2.62818054e+02, 2.09427765e+02, 2.63213989e+02, 2.29563354e+02,
    2.63540741e+02, 2.49171722e+02, 2.63957703e+02, 2.69405090e+02,
    2.64403656e+02, 2.89626648e+02, 2.64711456e+02, 3.09852325e+02,
    2.43216568e+02, 2.09879456e+02, 2.43340485e+02, 2.29990417e+02,
    2.43643509e+02, 2.49948914e+02, 2.44088791e+02, 2.69818787e+02,
    2.44526688e+02, 2.90172577e+02, 2.44721069e+02, 3.10308411e+02,
    2.23110626e+02, 2.09883118e+02, 2.23343307e+02, 2.30451645e+02,
    2.23477493e+02, 2.50056198e+02, 2.23994766e+02, 2.70313934e+02,
    2.24206070e+02, 2.90610565e+02, 2.24605225e+02, 3.10825775e+02,
    2.03201508e+02, 2.10722870e+02, 2.03507782e+02, 2.30930405e+02,
    2.03663223e+02, 2.50739700e+02, 2.03780930e+02, 2.70994843e+02,
    2.04253586e+02, 2.91142853e+02, 2.04342133e+02, 3.11432068e+02,
    1.82936600e+02, 2.10990143e+02, 1.83356628e+02, 2.31187347e+02,
    1.83528458e+02, 2.51300018e+02, 1.83768738e+02, 2.71350281e+02,
    1.83864670e+02, 2.91683807e+02, 1.84225784e+02, 3.12185883e+02,
    1.62554489e+02, 2.11430771e+02, 1.63204483e+02, 2.31798386e+02,
    1.63287125e+02, 2.51791489e+02, 1.63532654e+02, 2.72054443e+02,
    1.63710739e+02, 2.92168640e+02, 1.63897354e+02, 3.12758270e+02,
    1.42450974e+02, 2.11901932e+02, 1.42802673e+02, 2.32099274e+02,
    1.42994537e+02, 2.52352097e+02, 1.43155533e+02, 2.72534119e+02,
    1.43502625e+02, 2.92869812e+02, 1.43826660e+02, 3.13148987e+02 ]
