%YAML:1.0
---
points: [ 2.98172546e+02, 2.05327805e+02, 2.99427551e+02, 2.23469238e+02,
    3.00480499e+02, 2.41962234e+02, 3.01682556e+02, 2.61019196e+02,
    3.03051514e+02, 2.80737885e+02, 3.04224762e+02, 3.01378357e+02,
    2.79903717e+02, 2.05906448e+02, 2.80583344e+02, 2.24022324e+02,
    2.81481171e+02, 2.42583878e+02, 2.82566376e+02, 2.61435547e+02,
    2.83439484e+02, 2.81071777e+02, 2.84494537e+02, 3.01899475e+02,
    2.61465485e+02, 2.06523544e+02, 2.62116272e+02, 2.24656830e+02,
    2.62606903e+02, 2.42924042e+02, 2.63194397e+02, 2.62032593e+02,
    2.63917938e+02, 2.81460602e+02, 2.64420807e+02, 3.02273438e+02,
    2.43295944e+02, 2.06974854e+02, 2.43484497e+02, 2.24940338e+02,
    2.43643723e+02, 2.43389313e+02, 2.43905075e+02, 2.62123230e+02,
    2.44269287e+02, 2.82001617e+02, 2.44526154e+02, 3.02681671e+02,
    2.24556458e+02, 2.07149490e+02, 2.24461319e+02, 2.25376633e+02,
    2.24497604e+02, 2.43686386e+02, 2.24526718e+02, 2.62822968e+02,
    2.24430161e+02, 2.82476562e+02, 2.24371887e+02, 3.03644470e+02,
    2.06293884e+02, 2.07470688e+02, 2.05963135e+02, 2.25798065e+02,
    2.05496689e+02, 2.43986908e+02, 2.05125809e+02, 2.63121338e+02,
    2.04691116e+02, 2.82949127e+02, 2.04203873e+02, 3.03815186e+02,
    1.87587646e+02, 2.07744064e+02, 1.87132446e+02, 2.25991089e+02,
    1.86365677e+02, 2.44623077e+02, 1.85596802e+02, 2.63715118e+02,
    1.84745987e+02, 2.83513153e+02, 1.84024353e+02, 3.04328491e+02,
    1.68689346e+02, 2.08022202e+02, 1.68106720e+02, 2.26429932e+02,
    1.67140671e+02, 2.44910294e+02, 1.66034592e+02, 2.64167389e+02,
    1.64980804e+02, 2.84031860e+02, 1.63724548e+02, 3.04972504e+02,
    1.50218811e+02, 2.08667160e+02, 1.49069122e+02, 2.26798492e+02,
    1.47591431e+02, 2.45421188e+02, 1.46325409e+02, 2.64768250e+02,
    1.44978485e+02, 2.84710480e+02, 1.43591293e+02, 3.05645844e+02 ]
