%YAML:1.0
---
points: [ 9.96054443e+02, 5.31957642e+02, 9.95926025e+02, 5.82426575e+02,
    9.95909790e+02, 6.34197083e+02, 9.95817810e+02, 6.87454346e+02,
    9.95769958e+02, 7.42027039e+02, 9.95796997e+02, 7.99325073e+02,
    9.44737366e+02, 5.32890198e+02, 9.44000488e+02, 5.83271484e+02,
    9.43316101e+02, 6.34660339e+02, 9.42503479e+02, 6.87522644e+02,
    9.41344299e+02, 7.41706909e+02, 9.40455811e+02, 7.98692383e+02,
    8.94107300e+02, 5.33789734e+02, 8.92515991e+02, 5.84143311e+02,
    8.90898560e+02, 6.35002808e+02, 8.89229492e+02, 6.87429626e+02,
    8.87074402e+02, 7.41414917e+02, 8.85557739e+02, 7.98273560e+02,
    8.43613831e+02, 5.34285706e+02, 8.41338318e+02, 5.84323059e+02,
    8.38839478e+02, 6.34993713e+02, 8.36291260e+02, 6.87309753e+02,
    8.33336182e+02, 7.41119690e+02, 8.31007080e+02, 7.97763672e+02,
    7.92450378e+02, 5.34367126e+02, 7.89786377e+02, 5.84529541e+02,
    7.86383667e+02, 6.34997437e+02, 7.82956299e+02, 6.87196167e+02,
    7.79340210e+02, 7.40800598e+02, 7.76065125e+02, 7.97465149e+02,
    7.42577332e+02, 5.34482300e+02, 7.39196655e+02, 5.84766968e+02,
    7.34778442e+02, 6.34986511e+02, 7.30484009e+02, 6.86883545e+02,
    7.26160095e+02, 7.40655457e+02, 7.21839783e+02, 7.97258545e+02,
    6.92347168e+02, 5.34676147e+02, 6.88494812e+02, 5.84906128e+02,
    6.83491577e+02, 6.35129272e+02, 6.78558105e+02, 6.87109253e+02,
    6.73196777e+02, 7.40612366e+02, 6.68008423e+02, 7.96936401e+02,
    6.42548889e+02, 5.34784119e+02, 6.38138489e+02, 5.84925171e+02,
    6.32531067e+02, 6.35215637e+02, 6.26789734e+02, 6.87089905e+02,
    6.20697083e+02, 7.40573914e+02, 6.14527527e+02, 7.96640320e+02,
    5.93003479e+02, 5.35483582e+02, 5.87458679e+02, 5.85054077e+02,
    5.81218994e+02, 6.35226379e+02, 5.74949402e+02, 6.87140198e+02,
    5.68413879e+02, 7.40509766e+02, 5.62413940e+02, 7.96530945e+02 ]
