%YAML:1.0
---
points: [ 1.00851123e+03, 5.37996887e+02, 1.01015918e+03, 5.90033508e+02,
    1.01167480e+03, 6.43355286e+02, 1.01320831e+03, 6.98247437e+02,
    1.01522290e+03, 7.54698059e+02, 1.01690131e+03, 8.13996643e+02,
    9.55576599e+02, 5.38937256e+02, 9.56351440e+02, 5.91233521e+02,
    9.57251160e+02, 6.44526489e+02, 9.58058350e+02, 6.99094849e+02,
    9.58873291e+02, 7.55394104e+02, 9.59635864e+02, 8.14645874e+02,
    9.02653137e+02, 5.40071533e+02, 9.02583679e+02, 5.92286682e+02,
    9.02506836e+02, 6.45313599e+02, 9.02426331e+02, 6.99691833e+02,
    9.02298279e+02, 7.56060974e+02, 9.02239014e+02, 8.15591492e+02,
    8.49689148e+02, 5.40481750e+02, 8.48945068e+02, 5.92695007e+02,
    8.48066284e+02, 6.45736816e+02, 8.47057434e+02, 7.00378845e+02,
    8.45686218e+02, 7.56743896e+02, 8.44726135e+02, 8.16499146e+02,
    7.96018555e+02, 5.40674561e+02, 7.94488464e+02, 5.93354553e+02,
    7.92454285e+02, 6.46236389e+02, 7.90549255e+02, 7.01097534e+02,
    7.88214172e+02, 7.57647339e+02, 7.86416138e+02, 8.17473572e+02,
    7.42687134e+02, 5.40996826e+02, 7.40430542e+02, 5.93765137e+02,
    7.37555359e+02, 6.46655273e+02, 7.34337158e+02, 7.01630920e+02,
    7.31420776e+02, 7.58614929e+02, 7.28377014e+02, 8.18340271e+02,
    6.88903198e+02, 5.41278625e+02, 6.85870789e+02, 5.94282715e+02,
    6.82080261e+02, 6.47390076e+02, 6.78299927e+02, 7.02492310e+02,
    6.74233093e+02, 7.59564514e+02, 6.70131470e+02, 8.19379944e+02,
    6.34844971e+02, 5.41461731e+02, 6.31349060e+02, 5.94624878e+02,
    6.26715881e+02, 6.48075684e+02, 6.21907898e+02, 7.03309448e+02,
    6.16920349e+02, 7.60550903e+02, 6.11788635e+02, 8.20554749e+02,
    5.80755676e+02, 5.42323181e+02, 5.76022583e+02, 5.95075134e+02,
    5.70490784e+02, 6.48660828e+02, 5.65104858e+02, 7.04146667e+02,
    5.59343994e+02, 7.61452576e+02, 5.53984314e+02, 8.21730896e+02 ]
