%YAML:1.0
---
points: [ 2.96333282e+02, 2.06379990e+02, 2.97848969e+02, 2.27700256e+02,
    2.99281616e+02, 2.49280106e+02, 3.00804352e+02, 2.71988525e+02,
    3.02556915e+02, 2.95404022e+02, 3.04180603e+02, 3.20309174e+02,
    2.75011963e+02, 2.07077347e+02, 2.75977081e+02, 2.28221130e+02,
    2.77099487e+02, 2.50161667e+02, 2.78281860e+02, 2.72565948e+02,
    2.79484467e+02, 2.96099640e+02, 2.80712433e+02, 3.20980896e+02,
    2.53496887e+02, 2.07886642e+02, 2.54248978e+02, 2.29075394e+02,
    2.54821579e+02, 2.50671738e+02, 2.55579758e+02, 2.73301392e+02,
    2.56445374e+02, 2.96756866e+02, 2.57016510e+02, 3.21686188e+02,
    2.32221390e+02, 2.08152679e+02, 2.32395462e+02, 2.29528412e+02,
    2.32566406e+02, 2.51299988e+02, 2.32823761e+02, 2.73847717e+02,
    2.33036331e+02, 2.97562805e+02, 2.33456207e+02, 3.22394653e+02,
    2.10295166e+02, 2.08705536e+02, 2.10265671e+02, 2.29994324e+02,
    2.09933792e+02, 2.51848877e+02, 2.09766708e+02, 2.74499512e+02,
    2.09545151e+02, 2.98336792e+02, 2.09310455e+02, 3.23453125e+02,
    1.88386032e+02, 2.08999161e+02, 1.88158325e+02, 2.30714767e+02,
    1.87362839e+02, 2.52432999e+02, 1.86582550e+02, 2.75267761e+02,
    1.85913483e+02, 2.99153534e+02, 1.85221176e+02, 3.24258453e+02,
    1.66449768e+02, 2.09362091e+02, 1.65516586e+02, 2.31120316e+02,
    1.64515701e+02, 2.53132507e+02, 1.63318344e+02, 2.76134125e+02,
    1.62217560e+02, 2.99966827e+02, 1.61050949e+02, 3.25049530e+02,
    1.43887527e+02, 2.09736816e+02, 1.43040070e+02, 2.31800095e+02,
    1.41422180e+02, 2.53751846e+02, 1.39996185e+02, 2.76911102e+02,
    1.38369385e+02, 3.00810425e+02, 1.36703461e+02, 3.25937744e+02,
    1.21858444e+02, 2.10606567e+02, 1.20212036e+02, 2.31993835e+02,
    1.18174667e+02, 2.54397568e+02, 1.16348434e+02, 2.77525482e+02,
    1.14447380e+02, 3.01538361e+02, 1.12780655e+02, 3.26690826e+02 ]
