%YAML:1.0
---
points: [ 3.74400818e+02, 2.04981171e+02, 3.73045929e+02, 2.24338898e+02,
    3.71586029e+02, 2.44265762e+02, 3.70216187e+02, 2.64445221e+02,
    3.68658783e+02, 2.85307037e+02, 3.67058563e+02, 3.07128601e+02,
    3.54913177e+02, 2.05124100e+02, 3.53225342e+02, 2.23979294e+02,
    3.51629517e+02, 2.43274612e+02, 3.50182495e+02, 2.62761719e+02,
    3.48060059e+02, 2.82918152e+02, 3.46417755e+02, 3.03976196e+02,
    3.36394257e+02, 2.05396057e+02, 3.34624420e+02, 2.23786331e+02,
    3.32743530e+02, 2.42069855e+02, 3.30687103e+02, 2.61207458e+02,
    3.28497406e+02, 2.80540833e+02, 3.26793030e+02, 3.01060669e+02,
    3.18832703e+02, 2.05334778e+02, 3.16802917e+02, 2.23130783e+02,
    3.14706146e+02, 2.41088013e+02, 3.12477112e+02, 2.59411530e+02,
    3.10110931e+02, 2.78344757e+02, 3.08178436e+02, 2.98396912e+02,
    3.01763733e+02, 2.05317276e+02, 2.99695007e+02, 2.22803329e+02,
    2.97442719e+02, 2.40023422e+02, 2.95071381e+02, 2.58097565e+02,
    2.92463074e+02, 2.76350433e+02, 2.90543091e+02, 2.95636749e+02,
    2.85952423e+02, 2.05160629e+02, 2.83939117e+02, 2.22264709e+02,
    2.81393829e+02, 2.39046265e+02, 2.78714722e+02, 2.56614136e+02,
    2.76132233e+02, 2.74458893e+02, 2.73607178e+02, 2.93207458e+02,
    2.70758606e+02, 2.04961029e+02, 2.68537354e+02, 2.21833847e+02,
    2.65966736e+02, 2.38225296e+02, 2.63385162e+02, 2.55211258e+02,
    2.60599609e+02, 2.72755005e+02, 2.58066010e+02, 2.90906952e+02,
    2.56165436e+02, 2.05029007e+02, 2.54121338e+02, 2.21308640e+02,
    2.51353455e+02, 2.37406433e+02, 2.48660553e+02, 2.54030228e+02,
    2.45934631e+02, 2.71146729e+02, 2.43071106e+02, 2.88813660e+02,
    2.42658829e+02, 2.05263474e+02, 2.40271088e+02, 2.20854294e+02,
    2.37458344e+02, 2.36658386e+02, 2.34770737e+02, 2.52915634e+02,
    2.31962463e+02, 2.69537140e+02, 2.29255493e+02, 2.86813110e+02 ]
