%YAML:1.0
---
points: [ 1.02042291e+03, 5.19304443e+02, 1.02062732e+03, 5.50380188e+02,
    1.02083093e+03, 5.81056458e+02, 1.02094702e+03, 6.11529236e+02,
    1.02124658e+03, 6.41882751e+02, 1.02135449e+03, 6.72440308e+02,
    9.89741394e+02, 5.19523376e+02, 9.89971313e+02, 5.50532166e+02,
    9.90182861e+02, 5.81254700e+02, 9.90518311e+02, 6.11664062e+02,
    9.90694580e+02, 6.42258301e+02, 9.90821960e+02, 6.72576172e+02,
    9.58980835e+02, 5.19818542e+02, 9.59296448e+02, 5.50835022e+02,
    9.59574890e+02, 5.81475403e+02, 9.59779297e+02, 6.12061096e+02,
    9.60183777e+02, 6.42637878e+02, 9.60348938e+02, 6.72987854e+02,
    9.28379639e+02, 5.20219482e+02, 9.28610352e+02, 5.51162598e+02,
    9.28866577e+02, 5.81836609e+02, 9.29275635e+02, 6.12453003e+02,
    9.29550476e+02, 6.42977905e+02, 9.29806702e+02, 6.73353394e+02,
    8.97323303e+02, 5.20518188e+02, 8.97661499e+02, 5.51437683e+02,
    8.98062744e+02, 5.82176270e+02, 8.98347839e+02, 6.12751038e+02,
    8.98612976e+02, 6.43365845e+02, 8.99117676e+02, 6.73677734e+02,
    8.66583862e+02, 5.20831970e+02, 8.67102539e+02, 5.51816040e+02,
    8.67400208e+02, 5.82454712e+02, 8.67818970e+02, 6.13152405e+02,
    8.68318054e+02, 6.43651428e+02, 8.68599548e+02, 6.74345642e+02,
    8.35777039e+02, 5.21239380e+02, 8.36460510e+02, 5.52192993e+02,
    8.36752869e+02, 5.82753357e+02, 8.37249817e+02, 6.13394775e+02,
    8.37620667e+02, 6.43964844e+02, 8.38019958e+02, 6.74621704e+02,
    8.05267639e+02, 5.21632996e+02, 8.05801208e+02, 5.52542419e+02,
    8.06284241e+02, 5.83204468e+02, 8.06615723e+02, 6.13689331e+02,
    8.07047668e+02, 6.44258240e+02, 8.07507568e+02, 6.74878174e+02,
    7.74476807e+02, 5.22034607e+02, 7.75133728e+02, 5.52920410e+02,
    7.75502441e+02, 5.83503174e+02, 7.76039734e+02, 6.14052429e+02,
    7.76493958e+02, 6.44549805e+02, 7.77244629e+02, 6.75039673e+02 ]
