%YAML:1.0
---
points: [ 3.08923492e+02, 1.99763794e+02, 3.08960114e+02, 2.10744965e+02,
    3.09048615e+02, 2.21354599e+02, 3.09090546e+02, 2.31919464e+02,
    3.09182251e+02, 2.42499573e+02, 3.09197876e+02, 2.53044983e+02,
    2.98100098e+02, 1.99932419e+02, 2.98205719e+02, 2.10880066e+02,
    2.98235077e+02, 2.21540375e+02, 2.98460999e+02, 2.31956421e+02,
    2.98601593e+02, 2.42642303e+02, 2.98664276e+02, 2.53066971e+02,
    2.87391876e+02, 2.00219254e+02, 2.87511353e+02, 2.10892273e+02,
    2.87685577e+02, 2.21687927e+02, 2.87736084e+02, 2.32162567e+02,
    2.87784637e+02, 2.42803482e+02, 2.87835968e+02, 2.53263824e+02,
    2.76694580e+02, 2.00335800e+02, 2.76755951e+02, 2.11082962e+02,
    2.76863861e+02, 2.21844086e+02, 2.77017395e+02, 2.32351837e+02,
    2.77261505e+02, 2.42955795e+02, 2.77374207e+02, 2.53325928e+02,
    2.65756195e+02, 2.00612762e+02, 2.65807129e+02, 2.11324661e+02,
    2.66074677e+02, 2.21903610e+02, 2.66313873e+02, 2.32640717e+02,
    2.66561584e+02, 2.43089996e+02, 2.66696503e+02, 2.53592300e+02,
    2.55109161e+02, 2.00722900e+02, 2.55390579e+02, 2.11437088e+02,
    2.55626144e+02, 2.22175735e+02, 2.55732849e+02, 2.32906448e+02,
    2.55853241e+02, 2.43278732e+02, 2.55951187e+02, 2.53920288e+02,
    2.44504471e+02, 2.00891098e+02, 2.44604263e+02, 2.11705368e+02,
    2.44713928e+02, 2.22495468e+02, 2.44928009e+02, 2.32901703e+02,
    2.45306854e+02, 2.43519104e+02, 2.45552505e+02, 2.53974884e+02,
    2.33619675e+02, 2.01115631e+02, 2.33964890e+02, 2.11911072e+02,
    2.34207809e+02, 2.22611115e+02, 2.34486328e+02, 2.33110931e+02,
    2.34685074e+02, 2.43670868e+02, 2.34855637e+02, 2.54173401e+02,
    2.22821732e+02, 2.01410736e+02, 2.23324295e+02, 2.12090530e+02,
    2.23583252e+02, 2.22791763e+02, 2.23772507e+02, 2.33303452e+02,
    2.24055817e+02, 2.43824219e+02, 2.24473083e+02, 2.54174423e+02 ]
