%YAML:1.0
---
points: [ 1.22193823e+03, 5.38988770e+02, 1.21613123e+03, 5.94691467e+02,
    1.21043445e+03, 6.51188538e+02, 1.20506921e+03, 7.09688293e+02,
    1.19846606e+03, 7.69458740e+02, 1.19253418e+03, 8.32165466e+02,
    1.16808508e+03, 5.39083557e+02, 1.16194397e+03, 5.93070007e+02,
    1.15567590e+03, 6.48179810e+02, 1.14939270e+03, 7.04379639e+02,
    1.14199854e+03, 7.61938599e+02, 1.13541040e+03, 8.22659485e+02,
    1.11747144e+03, 5.39026550e+02, 1.11098779e+03, 5.91602539e+02,
    1.10383472e+03, 6.44756470e+02, 1.09634485e+03, 6.99057190e+02,
    1.08818127e+03, 7.54967590e+02, 1.08138794e+03, 8.13595398e+02,
    1.06907849e+03, 5.38641418e+02, 1.06179895e+03, 5.89632202e+02,
    1.05430518e+03, 6.41292053e+02, 1.04629016e+03, 6.94126587e+02,
    1.03763037e+03, 7.48493103e+02, 1.03041187e+03, 8.05410034e+02,
    1.02197473e+03, 5.37723999e+02, 1.01479297e+03, 5.87726868e+02,
    1.00661530e+03, 6.37990356e+02, 9.98159485e+02, 6.89336792e+02,
    9.89088379e+02, 7.42101868e+02, 9.81516724e+02, 7.97453674e+02,
    9.77795105e+02, 5.37128540e+02, 9.70676819e+02, 5.86078857e+02,
    9.61843506e+02, 6.34683716e+02, 9.52885864e+02, 6.84805298e+02,
    9.43945618e+02, 7.36266724e+02, 9.35387390e+02, 7.90201111e+02,
    9.35585693e+02, 5.36436218e+02, 9.28281677e+02, 5.84246887e+02,
    9.19312134e+02, 6.31870789e+02, 9.10485840e+02, 6.80757507e+02,
    9.01138306e+02, 7.30752869e+02, 8.91984436e+02, 7.83071533e+02,
    8.95301270e+02, 5.35565308e+02, 8.87911255e+02, 5.82369873e+02,
    8.78825806e+02, 6.29063660e+02, 8.69843384e+02, 6.76574768e+02,
    8.60450012e+02, 7.25567200e+02, 8.50974792e+02, 7.76476135e+02,
    8.57430237e+02, 5.35440918e+02, 8.49244690e+02, 5.80720032e+02,
    8.40111023e+02, 6.26265930e+02, 8.31255310e+02, 6.72801025e+02,
    8.21753418e+02, 7.20652954e+02, 8.13071472e+02, 7.70508728e+02 ]
