%YAML:1.0
---
points: [ 3.08784485e+02, 1.99753372e+02, 3.08844299e+02, 2.10699585e+02,
    3.08908630e+02, 2.21311752e+02, 3.08974335e+02, 2.31897171e+02,
    3.09142700e+02, 2.42461411e+02, 3.09173981e+02, 2.53002792e+02,
    2.97929871e+02, 1.99909973e+02, 2.98045258e+02, 2.10852081e+02,
    2.98173553e+02, 2.21484055e+02, 2.98275879e+02, 2.31988632e+02,
    2.98548157e+02, 2.42586060e+02, 2.98598877e+02, 2.53058792e+02,
    2.87212860e+02, 2.00165268e+02, 2.87411194e+02, 2.10900085e+02,
    2.87578888e+02, 2.21679398e+02, 2.87732727e+02, 2.32139374e+02,
    2.87745422e+02, 2.42804947e+02, 2.87782532e+02, 2.53261307e+02,
    2.76575653e+02, 2.00367142e+02, 2.76641113e+02, 2.11041122e+02,
    2.76770630e+02, 2.21813522e+02, 2.76931488e+02, 2.32376068e+02,
    2.77182434e+02, 2.42945114e+02, 2.77320557e+02, 2.53403732e+02,
    2.65650055e+02, 2.00629303e+02, 2.65688354e+02, 2.11341476e+02,
    2.65921356e+02, 2.21956390e+02, 2.66176849e+02, 2.32636765e+02,
    2.66444550e+02, 2.43165161e+02, 2.66620392e+02, 2.53687775e+02,
    2.54983734e+02, 2.00804550e+02, 2.55290909e+02, 2.11460510e+02,
    2.55511246e+02, 2.22230499e+02, 2.55607117e+02, 2.32858398e+02,
    2.55740295e+02, 2.43310471e+02, 2.55916870e+02, 2.53922455e+02,
    2.44332901e+02, 2.00849777e+02, 2.44553970e+02, 2.11787842e+02,
    2.44593903e+02, 2.22470703e+02, 2.44855255e+02, 2.32932465e+02,
    2.45173309e+02, 2.43567062e+02, 2.45520569e+02, 2.54032333e+02,
    2.33579178e+02, 2.01157120e+02, 2.33851059e+02, 2.12002167e+02,
    2.34121078e+02, 2.22676971e+02, 2.34351913e+02, 2.33162521e+02,
    2.34680481e+02, 2.43653442e+02, 2.34812073e+02, 2.54194946e+02,
    2.22748230e+02, 2.01511978e+02, 2.23233627e+02, 2.12169052e+02,
    2.23513046e+02, 2.22868637e+02, 2.23670074e+02, 2.33339859e+02,
    2.23985611e+02, 2.43852600e+02, 2.24404892e+02, 2.54216263e+02 ]
