%YAML:1.0
---
points: [ 7.95330383e+02, 4.51325684e+02, 8.14190308e+02, 4.86990417e+02,
    8.33342834e+02, 5.23567871e+02, 8.53519409e+02, 5.61390198e+02,
    8.73494751e+02, 5.99730347e+02, 8.95014832e+02, 6.40401245e+02,
    7.59644653e+02, 4.75397034e+02, 7.77965210e+02, 5.11360870e+02,
    7.96653503e+02, 5.48075012e+02, 8.15775696e+02, 5.85680420e+02,
    8.34649841e+02, 6.24177124e+02, 8.55451355e+02, 6.64805969e+02,
    7.24250183e+02, 4.99163208e+02, 7.41854797e+02, 5.35248535e+02,
    7.59655945e+02, 5.71994141e+02, 7.77683289e+02, 6.09561340e+02,
    7.95658325e+02, 6.48283325e+02, 8.16004944e+02, 6.89223450e+02,
    6.88477417e+02, 5.22229858e+02, 7.05491028e+02, 5.58486328e+02,
    7.22591797e+02, 5.95395752e+02, 7.39762146e+02, 6.33217529e+02,
    7.57195862e+02, 6.72138000e+02, 7.77052795e+02, 7.13354858e+02,
    6.51804138e+02, 5.45321411e+02, 6.68689758e+02, 5.81978699e+02,
    6.84910950e+02, 6.18845642e+02, 7.01609436e+02, 6.56957825e+02,
    7.18438232e+02, 6.96244507e+02, 7.37571838e+02, 7.37625549e+02,
    6.16141418e+02, 5.67817871e+02, 6.32876831e+02, 6.04787231e+02,
    6.48174805e+02, 6.41943970e+02, 6.63911560e+02, 6.80316284e+02,
    6.80517395e+02, 7.19838013e+02, 6.98509338e+02, 7.61540771e+02,
    5.80443542e+02, 5.90446655e+02, 5.96651611e+02, 6.27559143e+02,
    6.11508484e+02, 6.65055908e+02, 6.27083435e+02, 7.03623474e+02,
    6.42769592e+02, 7.43514526e+02, 6.60172607e+02, 7.85324097e+02,
    5.44798096e+02, 6.12797424e+02, 5.60613281e+02, 6.50196716e+02,
    5.75122375e+02, 6.87824524e+02, 5.90250000e+02, 7.26679138e+02,
    6.05666626e+02, 7.66834900e+02, 6.21943970e+02, 8.08879700e+02,
    5.09896759e+02, 6.35559082e+02, 5.24650513e+02, 6.72521667e+02,
    5.38659424e+02, 7.10611877e+02, 5.53521240e+02, 7.49726013e+02,
    5.68466248e+02, 7.90257080e+02, 5.85361084e+02, 8.32304810e+02 ]
