%YAML:1.0
---
points: [ 2.19907745e+02, 1.76256699e+02, 2.26809738e+02, 1.88433929e+02,
    2.34018402e+02, 2.01147552e+02, 2.41310547e+02, 2.14131912e+02,
    2.48886215e+02, 2.27363129e+02, 2.56724945e+02, 2.41410614e+02,
    2.07471680e+02, 1.84648468e+02, 2.14297226e+02, 1.97046509e+02,
    2.21218155e+02, 2.09755951e+02, 2.28305099e+02, 2.22709747e+02,
    2.35345856e+02, 2.35918198e+02, 2.43153015e+02, 2.50002548e+02,
    1.95168167e+02, 1.93023911e+02, 2.01820694e+02, 2.05440369e+02,
    2.08418793e+02, 2.18145477e+02, 2.15082718e+02, 2.31091141e+02,
    2.21878464e+02, 2.44395615e+02, 2.29326965e+02, 2.58572693e+02,
    1.82768753e+02, 2.01182449e+02, 1.89056564e+02, 2.13701324e+02,
    1.95449097e+02, 2.26453995e+02, 2.01901382e+02, 2.39396088e+02,
    2.08406708e+02, 2.52971558e+02, 2.15777130e+02, 2.67161011e+02,
    1.70075424e+02, 2.09263916e+02, 1.76267853e+02, 2.21973465e+02,
    1.82427948e+02, 2.34627991e+02, 1.88718201e+02, 2.47838791e+02,
    1.94929199e+02, 2.61467834e+02, 2.02127075e+02, 2.75722443e+02,
    1.57567276e+02, 2.17271652e+02, 1.63847824e+02, 2.30085403e+02,
    1.69570709e+02, 2.42805023e+02, 1.75575089e+02, 2.56183990e+02,
    1.81801620e+02, 2.69757446e+02, 1.88444931e+02, 2.84235718e+02,
    1.45140030e+02, 2.25085892e+02, 1.51178391e+02, 2.38071365e+02,
    1.56824768e+02, 2.51117615e+02, 1.62678619e+02, 2.64369415e+02,
    1.68641388e+02, 2.78186951e+02, 1.75102448e+02, 2.92703827e+02,
    1.32639206e+02, 2.33211563e+02, 1.38721710e+02, 2.46122849e+02,
    1.44116837e+02, 2.59127991e+02, 1.49813293e+02, 2.72631653e+02,
    1.55672211e+02, 2.86512146e+02, 1.61837662e+02, 3.00938324e+02,
    1.20695084e+02, 2.41270645e+02, 1.26172592e+02, 2.53976425e+02,
    1.31482025e+02, 2.67128662e+02, 1.37127304e+02, 2.80658691e+02,
    1.42853714e+02, 2.94641174e+02, 1.49009460e+02, 3.09191376e+02 ]
