%YAML:1.0
---
points: [ 1.02522437e+03, 5.17771790e+02, 1.02544409e+03, 5.47627502e+02,
    1.02560913e+03, 5.76900452e+02, 1.02557520e+03, 6.06265259e+02,
    1.02598413e+03, 6.35249817e+02, 1.02573242e+03, 6.64692993e+02,
    9.97171814e+02, 5.18428101e+02, 9.97226074e+02, 5.48454224e+02,
    9.97406738e+02, 5.77799500e+02, 9.97577271e+02, 6.07366821e+02,
    9.98208252e+02, 6.36795227e+02, 9.97932068e+02, 6.66229736e+02,
    9.68549133e+02, 5.18900513e+02, 9.68756714e+02, 5.49184753e+02,
    9.69120422e+02, 5.78854919e+02, 9.69525269e+02, 6.08585510e+02,
    9.70104126e+02, 6.38378235e+02, 9.69854370e+02, 6.67932495e+02,
    9.39660095e+02, 5.19512878e+02, 9.39963440e+02, 5.49977966e+02,
    9.40329712e+02, 5.80087585e+02, 9.40919006e+02, 6.09911133e+02,
    9.41530945e+02, 6.39925720e+02, 9.41382751e+02, 6.69819641e+02,
    9.10332520e+02, 5.20203369e+02, 9.10474426e+02, 5.50752869e+02,
    9.11023499e+02, 5.81094971e+02, 9.11520447e+02, 6.11410828e+02,
    9.12093506e+02, 6.41523499e+02, 9.11976135e+02, 6.71531128e+02,
    8.80676025e+02, 5.20785278e+02, 8.80770508e+02, 5.51647217e+02,
    8.81421814e+02, 5.82275574e+02, 8.81953491e+02, 6.12816406e+02,
    8.82457214e+02, 6.43157959e+02, 8.82633667e+02, 6.73570557e+02,
    8.50406860e+02, 5.21530457e+02, 8.50672974e+02, 5.52655273e+02,
    8.51348633e+02, 5.83371338e+02, 8.51857971e+02, 6.14068420e+02,
    8.52415344e+02, 6.44732849e+02, 8.52700012e+02, 6.75477844e+02,
    8.20087158e+02, 5.22278748e+02, 8.20276306e+02, 5.53639465e+02,
    8.20897400e+02, 5.84624146e+02, 8.21387268e+02, 6.15519836e+02,
    8.21833069e+02, 6.46199890e+02, 8.22256348e+02, 6.77301636e+02,
    7.88719604e+02, 5.22847717e+02, 7.89225891e+02, 5.54556946e+02,
    7.89730774e+02, 5.85865601e+02, 7.90218323e+02, 6.16998291e+02,
    7.90650696e+02, 6.47999023e+02, 7.91079224e+02, 6.79079529e+02 ]
