%YAML:1.0
---
points: [ 1.03659241e+03, 5.20440002e+02, 1.03674402e+03, 5.52312195e+02,
    1.03690527e+03, 5.83835083e+02, 1.03740039e+03, 6.15133118e+02,
    1.03736292e+03, 6.46321655e+02, 1.03782983e+03, 6.77657898e+02,
    1.00696979e+03, 5.20333923e+02, 1.00727307e+03, 5.51762939e+02,
    1.00751526e+03, 5.82836426e+02, 1.00776276e+03, 6.13848877e+02,
    1.00765900e+03, 6.44839355e+02, 1.00816193e+03, 6.75844299e+02,
    9.78171021e+02, 5.20201416e+02, 9.78454529e+02, 5.51269592e+02,
    9.78665833e+02, 5.82150696e+02, 9.78618225e+02, 6.12777710e+02,
    9.78473816e+02, 6.43643311e+02, 9.79202332e+02, 6.74213379e+02,
    9.49485229e+02, 5.20182068e+02, 9.49760803e+02, 5.50885010e+02,
    9.49971802e+02, 5.81402405e+02, 9.49959839e+02, 6.11837769e+02,
    9.49791565e+02, 6.42208801e+02, 9.50608032e+02, 6.72305969e+02,
    9.21086243e+02, 5.20129395e+02, 9.21601501e+02, 5.50502014e+02,
    9.21683594e+02, 5.80698914e+02, 9.21728577e+02, 6.10823486e+02,
    9.21640442e+02, 6.40828613e+02, 9.22516113e+02, 6.70712769e+02,
    8.93437012e+02, 5.20043274e+02, 8.94278992e+02, 5.50242249e+02,
    8.94200073e+02, 5.80097717e+02, 8.94226990e+02, 6.09683533e+02,
    8.94387146e+02, 6.39507812e+02, 8.94996033e+02, 6.69374878e+02,
    8.66191956e+02, 5.19865051e+02, 8.67101807e+02, 5.49809875e+02,
    8.67185059e+02, 5.79378479e+02, 8.67416992e+02, 6.08735535e+02,
    8.67612122e+02, 6.38192810e+02, 8.68292725e+02, 6.67628906e+02,
    8.39798828e+02, 5.19914124e+02, 8.40654175e+02, 5.49508545e+02,
    8.40764954e+02, 5.78643616e+02, 8.41239746e+02, 6.07746643e+02,
    8.41648071e+02, 6.36778381e+02, 8.42093994e+02, 6.66143005e+02,
    8.13937073e+02, 5.19954590e+02, 8.14750122e+02, 5.49218018e+02,
    8.14940674e+02, 5.77989624e+02, 8.15544373e+02, 6.06855713e+02,
    8.16098389e+02, 6.35453186e+02, 8.17122498e+02, 6.64456177e+02 ]
