%YAML:1.0
---
points: [ 2.04565033e+02, 1.87652954e+02, 2.20471207e+02, 1.87352905e+02,
    2.35694168e+02, 1.87102631e+02, 2.51044418e+02, 1.87147568e+02,
    2.66303284e+02, 1.86710022e+02, 2.81682587e+02, 1.86669205e+02,
    2.04945663e+02, 2.03030029e+02, 2.20486023e+02, 2.02878174e+02,
    2.36116333e+02, 2.02359070e+02, 2.51295975e+02, 2.01977432e+02,
    2.66630157e+02, 2.01903717e+02, 2.82109589e+02, 2.01628723e+02,
    2.05157211e+02, 2.18244598e+02, 2.20813934e+02, 2.17936768e+02,
    2.36193726e+02, 2.17851013e+02, 2.51752151e+02, 2.17464554e+02,
    2.67031311e+02, 2.16984497e+02, 2.82566833e+02, 2.16999908e+02,
    2.05292587e+02, 2.33857178e+02, 2.21029343e+02, 2.33576492e+02,
    2.36603027e+02, 2.33217636e+02, 2.51915726e+02, 2.32893402e+02,
    2.67506775e+02, 2.32518723e+02, 2.83048859e+02, 2.32208466e+02,
    2.05250229e+02, 2.49769424e+02, 2.21208801e+02, 2.49353195e+02,
    2.36594833e+02, 2.48976212e+02, 2.52330505e+02, 2.48741699e+02,
    2.67880249e+02, 2.48331726e+02, 2.83574799e+02, 2.47987671e+02,
    2.05415878e+02, 2.65464752e+02, 2.21492279e+02, 2.65081360e+02,
    2.37121109e+02, 2.64860809e+02, 2.52702072e+02, 2.64515472e+02,
    2.68316437e+02, 2.63951813e+02, 2.84073517e+02, 2.63969086e+02,
    2.05176926e+02, 2.81609406e+02, 2.21475494e+02, 2.81166382e+02,
    2.37291489e+02, 2.80872375e+02, 2.52877670e+02, 2.80434753e+02,
    2.68691193e+02, 2.80137390e+02, 2.84664246e+02, 2.79879974e+02,
    2.05355179e+02, 2.98165344e+02, 2.21646912e+02, 2.97296936e+02,
    2.37527344e+02, 2.97080322e+02, 2.53442551e+02, 2.96716888e+02,
    2.69229279e+02, 2.96226288e+02, 2.85157379e+02, 2.95945129e+02,
    2.05565521e+02, 3.14331268e+02, 2.21655106e+02, 3.13929993e+02,
    2.37633179e+02, 3.13557861e+02, 2.53658798e+02, 3.13114990e+02,
    2.69661285e+02, 3.12612183e+02, 2.85683167e+02, 3.12257935e+02 ]
