%YAML:1.0
---
points: [ 3.04791168e+02, 2.00268707e+02, 3.04860748e+02, 2.11940292e+02,
    3.05077789e+02, 2.23852646e+02, 3.05350708e+02, 2.35261414e+02,
    3.05530853e+02, 2.46980850e+02, 3.05781403e+02, 2.58564148e+02,
    2.94577087e+02, 2.00190720e+02, 2.94757294e+02, 2.11761017e+02,
    2.94938721e+02, 2.23170731e+02, 2.95214142e+02, 2.34651535e+02,
    2.95090485e+02, 2.46058609e+02, 2.95565033e+02, 2.57557800e+02,
    2.84709320e+02, 2.00114899e+02, 2.84863403e+02, 2.11533737e+02,
    2.85097717e+02, 2.22831909e+02, 2.85156982e+02, 2.33950439e+02,
    2.85073730e+02, 2.45148544e+02, 2.85597656e+02, 2.56451324e+02,
    2.75097961e+02, 2.00070892e+02, 2.75416443e+02, 2.11395554e+02,
    2.75610535e+02, 2.22368408e+02, 2.75598785e+02, 2.33349625e+02,
    2.75570099e+02, 2.44448624e+02, 2.75913147e+02, 2.55415451e+02,
    2.65667633e+02, 2.00085312e+02, 2.65865753e+02, 2.11037994e+02,
    2.65935822e+02, 2.21986343e+02, 2.66069672e+02, 2.32814056e+02,
    2.66095673e+02, 2.43732208e+02, 2.66648254e+02, 2.54459015e+02,
    2.56616943e+02, 2.00005814e+02, 2.56933868e+02, 2.10866089e+02,
    2.56900055e+02, 2.21595306e+02, 2.56916870e+02, 2.32227737e+02,
    2.57089294e+02, 2.42921036e+02, 2.57582703e+02, 2.53639435e+02,
    2.47693619e+02, 1.99913498e+02, 2.48167892e+02, 2.10788757e+02,
    2.48206253e+02, 2.21160507e+02, 2.48395859e+02, 2.31771133e+02,
    2.48636230e+02, 2.42160385e+02, 2.48789703e+02, 2.52658981e+02,
    2.39294312e+02, 1.99978714e+02, 2.39705246e+02, 2.10607010e+02,
    2.39808289e+02, 2.20850677e+02, 2.39917236e+02, 2.31134064e+02,
    2.40223557e+02, 2.41393082e+02, 2.40562607e+02, 2.51910263e+02,
    2.31274399e+02, 2.00098663e+02, 2.31562988e+02, 2.10285034e+02,
    2.31684158e+02, 2.20585403e+02, 2.31920731e+02, 2.30722763e+02,
    2.32170242e+02, 2.40785919e+02, 2.32633469e+02, 2.50868500e+02 ]
