%YAML:1.0
---
points: [ 7.51159119e+02, 4.83803619e+02, 7.96266052e+02, 4.83520935e+02,
    8.40641235e+02, 4.83419739e+02, 8.85079468e+02, 4.83312927e+02,
    9.29041260e+02, 4.82957703e+02, 9.73561218e+02, 4.82913910e+02,
    7.50923401e+02, 5.27944275e+02, 7.96293762e+02, 5.27706665e+02,
    8.40822815e+02, 5.27533936e+02, 8.85336243e+02, 5.27228088e+02,
    9.29407654e+02, 5.26685486e+02, 9.74122864e+02, 5.26656006e+02,
    7.50709778e+02, 5.72393127e+02, 7.96247864e+02, 5.72128601e+02,
    8.40845886e+02, 5.71658020e+02, 8.85454651e+02, 5.71362549e+02,
    9.29774292e+02, 5.70801392e+02, 9.74707703e+02, 5.70684143e+02,
    7.50358582e+02, 6.17195312e+02, 7.96040771e+02, 6.16713257e+02,
    8.40754822e+02, 6.16357422e+02, 8.85590454e+02, 6.15803894e+02,
    9.30318909e+02, 6.15335205e+02, 9.75265320e+02, 6.15024292e+02,
    7.49628235e+02, 6.62709900e+02, 7.95792419e+02, 6.62248596e+02,
    8.40767273e+02, 6.61748535e+02, 8.85733826e+02, 6.61317139e+02,
    9.30741577e+02, 6.60868408e+02, 9.75949646e+02, 6.60488220e+02,
    7.49225647e+02, 7.08418823e+02, 7.95529541e+02, 7.07730591e+02,
    8.40632568e+02, 7.07345398e+02, 8.85919434e+02, 7.06859680e+02,
    9.31172974e+02, 7.06373413e+02, 9.76636169e+02, 7.05820068e+02,
    7.48565063e+02, 7.54805542e+02, 7.95157654e+02, 7.54019165e+02,
    8.40608765e+02, 7.53534241e+02, 8.86173889e+02, 7.52852234e+02,
    9.31647339e+02, 7.52350403e+02, 9.77421021e+02, 7.51689758e+02,
    7.47799500e+02, 8.01655029e+02, 7.94728027e+02, 8.00668884e+02,
    8.40452698e+02, 7.99974121e+02, 8.86358154e+02, 7.99307190e+02,
    9.32000916e+02, 7.98641968e+02, 9.78135559e+02, 7.98000488e+02,
    7.47396545e+02, 8.49162476e+02, 7.94246338e+02, 8.48081055e+02,
    8.40317810e+02, 8.47311523e+02, 8.86409363e+02, 8.46365051e+02,
    9.32430908e+02, 8.45663086e+02, 9.78619873e+02, 8.44654480e+02 ]
