%YAML:1.0
---
points: [ 1.05371265e+03, 5.14044128e+02, 1.05093079e+03, 5.42981812e+02,
    1.04847083e+03, 5.72251526e+02, 1.04595911e+03, 6.01967712e+02,
    1.04317847e+03, 6.31922791e+02, 1.04036963e+03, 6.63055725e+02,
    1.02527356e+03, 5.14333008e+02, 1.02246210e+03, 5.43208252e+02,
    1.01958655e+03, 5.71905151e+02, 1.01686200e+03, 6.01302917e+02,
    1.01348566e+03, 6.30632263e+02, 1.01072766e+03, 6.61453735e+02,
    9.97367432e+02, 5.14606079e+02, 9.94480896e+02, 5.43233215e+02,
    9.91297791e+02, 5.71544556e+02, 9.87900513e+02, 6.00385803e+02,
    9.84499146e+02, 6.29437866e+02, 9.81439514e+02, 6.60005493e+02,
    9.69748901e+02, 5.14568909e+02, 9.66484192e+02, 5.42770813e+02,
    9.63317993e+02, 5.70901062e+02, 9.59673279e+02, 5.99309326e+02,
    9.55791199e+02, 6.28337769e+02, 9.52914124e+02, 6.58523865e+02,
    9.42230713e+02, 5.14381042e+02, 9.38823364e+02, 5.42505188e+02,
    9.35275635e+02, 5.70357300e+02, 9.31624390e+02, 5.98460815e+02,
    9.27585449e+02, 6.27102661e+02, 9.24385315e+02, 6.56907654e+02,
    9.15470886e+02, 5.14273621e+02, 9.12233948e+02, 5.42174438e+02,
    9.08088318e+02, 5.69691345e+02, 9.04304138e+02, 5.97523987e+02,
    9.00449890e+02, 6.25968994e+02, 8.96655151e+02, 6.55462708e+02,
    8.88910889e+02, 5.13979736e+02, 8.85705322e+02, 5.41798218e+02,
    8.81556335e+02, 5.69117249e+02, 8.77602295e+02, 5.96851196e+02,
    8.73606567e+02, 6.24867981e+02, 8.69570679e+02, 6.54248535e+02,
    8.63127441e+02, 5.13720703e+02, 8.59713318e+02, 5.41266968e+02,
    8.55543152e+02, 5.68472473e+02, 8.51596130e+02, 5.95942749e+02,
    8.47487244e+02, 6.23937744e+02, 8.43299194e+02, 6.52796387e+02,
    8.38073303e+02, 5.13928223e+02, 8.34104187e+02, 5.40863953e+02,
    8.29984131e+02, 5.67762329e+02, 8.26041077e+02, 5.95256592e+02,
    8.21635193e+02, 6.22847534e+02, 8.17737732e+02, 6.51493469e+02 ]
