%YAML:1.0
---
points: [ 2.95059662e+02, 1.98672623e+02, 2.95437500e+02, 2.08796814e+02,
    2.95775970e+02, 2.18891281e+02, 2.96188751e+02, 2.29258972e+02,
    2.96601410e+02, 2.39831924e+02, 2.96881531e+02, 2.50760864e+02,
    2.84593994e+02, 1.98900497e+02, 2.84901459e+02, 2.09018753e+02,
    2.85162659e+02, 2.19121552e+02, 2.85438782e+02, 2.29602493e+02,
    2.85788330e+02, 2.39857941e+02, 2.86180511e+02, 2.50697540e+02,
    2.74194824e+02, 1.99096558e+02, 2.74434753e+02, 2.09118942e+02,
    2.74655182e+02, 2.19356339e+02, 2.74730072e+02, 2.29640198e+02,
    2.74921509e+02, 2.39907639e+02, 2.75138306e+02, 2.50943222e+02,
    2.63825287e+02, 1.99261200e+02, 2.63940399e+02, 2.09232773e+02,
    2.64022614e+02, 2.19431717e+02, 2.64166534e+02, 2.29735901e+02,
    2.64170502e+02, 2.40033905e+02, 2.64412872e+02, 2.50944183e+02,
    2.53407776e+02, 1.99237213e+02, 2.53408981e+02, 2.09330872e+02,
    2.53419998e+02, 2.19532654e+02, 2.53429214e+02, 2.29806839e+02,
    2.53400208e+02, 2.40064941e+02, 2.53394897e+02, 2.50988632e+02,
    2.42974258e+02, 1.99384888e+02, 2.42902283e+02, 2.09548141e+02,
    2.42813736e+02, 2.19524323e+02, 2.42692749e+02, 2.29804855e+02,
    2.42625656e+02, 2.40088348e+02, 2.42652908e+02, 2.51075500e+02,
    2.32685501e+02, 1.99262985e+02, 2.32617996e+02, 2.09588821e+02,
    2.32356369e+02, 2.19697372e+02, 2.32125549e+02, 2.29989609e+02,
    2.31893402e+02, 2.40226135e+02, 2.31601776e+02, 2.51040085e+02,
    2.22275497e+02, 1.99559631e+02, 2.22138916e+02, 2.09649918e+02,
    2.21784744e+02, 2.19787140e+02, 2.21530121e+02, 2.29916473e+02,
    2.21316315e+02, 2.40350647e+02, 2.20920502e+02, 2.51113922e+02,
    2.12037216e+02, 1.99746368e+02, 2.11654785e+02, 2.09776123e+02,
    2.11371002e+02, 2.19788879e+02, 2.11018539e+02, 2.30150391e+02,
    2.10516769e+02, 2.40481628e+02, 2.10159180e+02, 2.51367493e+02 ]
