%YAML:1.0
---
points: [ 1.03062073e+03, 5.18359375e+02, 1.03109937e+03, 5.47330933e+02,
    1.03148376e+03, 5.76702637e+02, 1.03181702e+03, 6.06924011e+02,
    1.03235132e+03, 6.37078430e+02, 1.03265027e+03, 6.68355835e+02,
    1.00063129e+03, 5.18582092e+02, 1.00075208e+03, 5.47948547e+02,
    1.00086096e+03, 5.77207092e+02, 1.00105664e+03, 6.07136292e+02,
    1.00124017e+03, 6.37093079e+02, 1.00129944e+03, 6.68321716e+02,
    9.70603088e+02, 5.19101746e+02, 9.70529297e+02, 5.48363770e+02,
    9.70421875e+02, 5.77385437e+02, 9.70344360e+02, 6.07055237e+02,
    9.70185120e+02, 6.36838989e+02, 9.70003601e+02, 6.68253540e+02,
    9.40674561e+02, 5.19190796e+02, 9.40327393e+02, 5.48328918e+02,
    9.40016602e+02, 5.77308838e+02, 9.39540894e+02, 6.06859863e+02,
    9.39116089e+02, 6.36771729e+02, 9.38672852e+02, 6.68163635e+02,
    9.10623596e+02, 5.18946655e+02, 9.09924561e+02, 5.48311951e+02,
    9.09138306e+02, 5.77247314e+02, 9.08426941e+02, 6.06768188e+02,
    9.07667908e+02, 6.36664612e+02, 9.07053406e+02, 6.68060303e+02,
    8.80662231e+02, 5.18781372e+02, 8.79947449e+02, 5.48312744e+02,
    8.78970032e+02, 5.77160217e+02, 8.77873901e+02, 6.06605225e+02,
    8.76853149e+02, 6.36570251e+02, 8.75818054e+02, 6.67771362e+02,
    8.50755859e+02, 5.18697205e+02, 8.49783386e+02, 5.48237610e+02,
    8.48572083e+02, 5.77123901e+02, 8.47390503e+02, 6.06634888e+02,
    8.45942383e+02, 6.36587402e+02, 8.44610779e+02, 6.67676880e+02,
    8.21120850e+02, 5.18608154e+02, 8.19810791e+02, 5.48072266e+02,
    8.18271973e+02, 5.77005188e+02, 8.16817261e+02, 6.06590881e+02,
    8.15301453e+02, 6.36594421e+02, 8.13567566e+02, 6.67556396e+02,
    7.91365540e+02, 5.18728638e+02, 7.89885193e+02, 5.47843750e+02,
    7.87988708e+02, 5.76746033e+02, 7.86304871e+02, 6.06548157e+02,
    7.84540710e+02, 6.36453247e+02, 7.82783325e+02, 6.67671326e+02 ]
