%YAML:1.0
---
points: [ 2.99455139e+02, 1.98701340e+02, 2.99729370e+02, 2.09228836e+02,
    2.99859558e+02, 2.19859024e+02, 2.99921417e+02, 2.30213684e+02,
    3.00351654e+02, 2.40716400e+02, 3.00463379e+02, 2.51214584e+02,
    2.89811462e+02, 1.98911728e+02, 2.89952271e+02, 2.09667084e+02,
    2.90163635e+02, 2.20196259e+02, 2.90454590e+02, 2.30839981e+02,
    2.90844421e+02, 2.41262344e+02, 2.90883545e+02, 2.51992706e+02,
    2.79930725e+02, 1.99262268e+02, 2.80229950e+02, 2.09925522e+02,
    2.80537781e+02, 2.20851593e+02, 2.80823517e+02, 2.31319809e+02,
    2.81171967e+02, 2.41998825e+02, 2.81207550e+02, 2.52851288e+02,
    2.70157135e+02, 1.99607574e+02, 2.70434845e+02, 2.10446030e+02,
    2.70705414e+02, 2.21185654e+02, 2.70982758e+02, 2.31980011e+02,
    2.71418091e+02, 2.42860718e+02, 2.71587982e+02, 2.53522537e+02,
    2.59982483e+02, 1.99833023e+02, 2.60134613e+02, 2.10837784e+02,
    2.60567841e+02, 2.21789215e+02, 2.60804565e+02, 2.32653366e+02,
    2.61293762e+02, 2.43566696e+02, 2.61243378e+02, 2.54441833e+02,
    2.49745544e+02, 2.00105728e+02, 2.49877548e+02, 2.11267334e+02,
    2.50375549e+02, 2.22226181e+02, 2.50711517e+02, 2.33281433e+02,
    2.50906921e+02, 2.44268997e+02, 2.51151077e+02, 2.55365601e+02,
    2.39465347e+02, 2.00505676e+02, 2.39577713e+02, 2.11732651e+02,
    2.39862167e+02, 2.22861298e+02, 2.40098526e+02, 2.33993301e+02,
    2.40546417e+02, 2.45055725e+02, 2.40656723e+02, 2.56227417e+02,
    2.28703064e+02, 2.00809296e+02, 2.28803635e+02, 2.12107819e+02,
    2.29205902e+02, 2.23347488e+02, 2.29469040e+02, 2.34654160e+02,
    2.29664062e+02, 2.45830475e+02, 2.29926590e+02, 2.57201874e+02,
    2.17649994e+02, 2.01092300e+02, 2.17950470e+02, 2.12647446e+02,
    2.18370316e+02, 2.23901688e+02, 2.18553131e+02, 2.35274124e+02,
    2.18722763e+02, 2.46610626e+02, 2.18869110e+02, 2.58080963e+02 ]
