%YAML:1.0
---
points: [ 9.92431702e+02, 5.17182129e+02, 9.96760315e+02, 5.45130493e+02,
    1.00107397e+03, 5.73319763e+02, 1.00515491e+03, 6.02073120e+02,
    1.00979718e+03, 6.30595825e+02, 1.01409064e+03, 6.60635803e+02,
    9.65737366e+02, 5.17838379e+02, 9.69826111e+02, 5.46170593e+02,
    9.73919189e+02, 5.74720581e+02, 9.77963562e+02, 6.03480835e+02,
    9.82734863e+02, 6.32534668e+02, 9.86787964e+02, 6.62542297e+02,
    9.38495361e+02, 5.18556152e+02, 9.42479187e+02, 5.47239075e+02,
    9.46385559e+02, 5.75853271e+02, 9.50525330e+02, 6.04809570e+02,
    9.55247864e+02, 6.34143799e+02, 9.59071594e+02, 6.64840576e+02,
    9.11057129e+02, 5.18929138e+02, 9.14695496e+02, 5.48015747e+02,
    9.18516052e+02, 5.76803589e+02, 9.22741272e+02, 6.06249329e+02,
    9.27303467e+02, 6.35785034e+02, 9.30707764e+02, 6.66672668e+02,
    8.82514648e+02, 5.19230774e+02, 8.86080872e+02, 5.48744446e+02,
    8.89889648e+02, 5.77756592e+02, 8.93729858e+02, 6.07601379e+02,
    8.97856140e+02, 6.37598938e+02, 9.01401306e+02, 6.69123169e+02,
    8.53968018e+02, 5.19417480e+02, 8.57122253e+02, 5.49485779e+02,
    8.60739197e+02, 5.78959167e+02, 8.64630615e+02, 6.08741821e+02,
    8.68419739e+02, 6.39418640e+02, 8.71647156e+02, 6.71116577e+02,
    8.24602722e+02, 5.19730164e+02, 8.27555786e+02, 5.50127258e+02,
    8.30909363e+02, 5.79945801e+02, 8.34223267e+02, 6.10441467e+02,
    8.37856506e+02, 6.41342285e+02, 8.41255249e+02, 6.73346863e+02,
    7.94684631e+02, 5.19877930e+02, 7.97264587e+02, 5.50574585e+02,
    8.00551086e+02, 5.81042847e+02, 8.03482849e+02, 6.11918945e+02,
    8.06701355e+02, 6.43398438e+02, 8.09980225e+02, 6.75727783e+02,
    7.63786255e+02, 5.20536682e+02, 7.66236572e+02, 5.51255005e+02,
    7.69233887e+02, 5.82068726e+02, 7.71779114e+02, 6.13444702e+02,
    7.74855774e+02, 6.45342041e+02, 7.77493408e+02, 6.78344177e+02 ]
