%YAML:1.0
---
points: [ 2.81229889e+02, 1.98376129e+02, 2.82949738e+02, 2.07967178e+02,
    2.84637482e+02, 2.17824585e+02, 2.86266052e+02, 2.27776337e+02,
    2.88151825e+02, 2.37757217e+02, 2.89790985e+02, 2.47981934e+02,
    2.72107513e+02, 1.98754379e+02, 2.73780853e+02, 2.08526474e+02,
    2.75329437e+02, 2.18358994e+02, 2.76974579e+02, 2.28343307e+02,
    2.78906555e+02, 2.38203812e+02, 2.80650635e+02, 2.48775269e+02,
    2.62873688e+02, 1.99013672e+02, 2.64343597e+02, 2.08897018e+02,
    2.65986084e+02, 2.18888062e+02, 2.67754425e+02, 2.28806396e+02,
    2.69560760e+02, 2.38973038e+02, 2.71033112e+02, 2.49673370e+02,
    2.53518356e+02, 1.99249313e+02, 2.54994598e+02, 2.09203735e+02,
    2.56591705e+02, 2.19204239e+02, 2.58200836e+02, 2.29409256e+02,
    2.59990723e+02, 2.39782990e+02, 2.61442719e+02, 2.50290970e+02,
    2.43830109e+02, 1.99450699e+02, 2.45211395e+02, 2.09581070e+02,
    2.46782837e+02, 2.19801544e+02, 2.48330612e+02, 2.29998978e+02,
    2.50148880e+02, 2.40377014e+02, 2.51427643e+02, 2.51252808e+02,
    2.34045929e+02, 1.99709656e+02, 2.35336960e+02, 2.09920654e+02,
    2.36863815e+02, 2.20134384e+02, 2.38403503e+02, 2.30558899e+02,
    2.39999847e+02, 2.41162994e+02, 2.41464691e+02, 2.52138428e+02,
    2.24174484e+02, 1.99762436e+02, 2.25229645e+02, 2.10287033e+02,
    2.26748886e+02, 2.20744751e+02, 2.28049622e+02, 2.31224487e+02,
    2.29607132e+02, 2.41951279e+02, 2.30915512e+02, 2.53030090e+02,
    2.13749008e+02, 1.99961319e+02, 2.15020386e+02, 2.10677383e+02,
    2.16271820e+02, 2.21092438e+02, 2.17674271e+02, 2.31886292e+02,
    2.18981491e+02, 2.42749039e+02, 2.20364365e+02, 2.53916946e+02,
    2.03191956e+02, 2.00310104e+02, 2.04404053e+02, 2.11032257e+02,
    2.05676041e+02, 2.21645172e+02, 2.06816605e+02, 2.32621399e+02,
    2.08128815e+02, 2.43588593e+02, 2.09182251e+02, 2.55146423e+02 ]
