%YAML:1.0
---
points: [ 2.92025299e+02, 1.97095520e+02, 2.93688812e+02, 2.06804932e+02,
    2.95340271e+02, 2.16646881e+02, 2.96914001e+02, 2.26586777e+02,
    2.98722687e+02, 2.36604538e+02, 3.00316681e+02, 2.46865204e+02,
    2.82812195e+02, 1.97508408e+02, 2.84310699e+02, 2.07288300e+02,
    2.85873260e+02, 2.17105225e+02, 2.87406219e+02, 2.27073563e+02,
    2.89335083e+02, 2.36977051e+02, 2.90981995e+02, 2.47675308e+02,
    2.73370605e+02, 1.97846848e+02, 2.74855286e+02, 2.07670975e+02,
    2.76429321e+02, 2.17694687e+02, 2.78079559e+02, 2.27615768e+02,
    2.79776794e+02, 2.37761795e+02, 2.81200195e+02, 2.48349716e+02,
    2.63935089e+02, 1.97972198e+02, 2.65360504e+02, 2.08034546e+02,
    2.66801819e+02, 2.17987122e+02, 2.68349854e+02, 2.28068802e+02,
    2.69990387e+02, 2.38359467e+02, 2.71456635e+02, 2.49075272e+02,
    2.54235199e+02, 1.98132248e+02, 2.55512024e+02, 2.08310989e+02,
    2.57016083e+02, 2.18451111e+02, 2.58453064e+02, 2.28663300e+02,
    2.60069519e+02, 2.38971863e+02, 2.61314514e+02, 2.49898697e+02,
    2.44366974e+02, 1.98363876e+02, 2.45537842e+02, 2.08679901e+02,
    2.47023666e+02, 2.18843124e+02, 2.48442352e+02, 2.29042099e+02,
    2.49846527e+02, 2.39725479e+02, 2.51228271e+02, 2.50670624e+02,
    2.34479431e+02, 1.98566879e+02, 2.35506226e+02, 2.08931366e+02,
    2.36849869e+02, 2.19200195e+02, 2.38115234e+02, 2.29790039e+02,
    2.39483978e+02, 2.40324265e+02, 2.40690506e+02, 2.51404099e+02,
    2.24190826e+02, 1.98762833e+02, 2.25205917e+02, 2.09219055e+02,
    2.26409973e+02, 2.19779739e+02, 2.27584610e+02, 2.30258636e+02,
    2.28865356e+02, 2.40983612e+02, 2.30165527e+02, 2.52233963e+02,
    2.13579742e+02, 1.99036255e+02, 2.14649261e+02, 2.09587402e+02,
    2.15791107e+02, 2.20083679e+02, 2.16921371e+02, 2.30902786e+02,
    2.18078979e+02, 2.41791458e+02, 2.18974304e+02, 2.53251740e+02 ]
