%YAML:1.0
---
points: [ 1.03651392e+03, 5.17697266e+02, 1.03666833e+03, 5.48549744e+02,
    1.03691284e+03, 5.78867676e+02, 1.03715295e+03, 6.09199646e+02,
    1.03730493e+03, 6.39559631e+02, 1.03745068e+03, 6.70284790e+02,
    1.00619556e+03, 5.17949646e+02, 1.00638550e+03, 5.48689636e+02,
    1.00654785e+03, 5.78987122e+02, 1.00671625e+03, 6.09222961e+02,
    1.00689478e+03, 6.39604858e+02, 1.00710236e+03, 6.70103210e+02,
    9.75752441e+02, 5.18267395e+02, 9.76001343e+02, 5.48819214e+02,
    9.76229675e+02, 5.79120117e+02, 9.76399780e+02, 6.09309143e+02,
    9.76509521e+02, 6.39680176e+02, 9.76741943e+02, 6.70099609e+02,
    9.45667053e+02, 5.18463806e+02, 9.45970093e+02, 5.48987366e+02,
    9.46183411e+02, 5.79267273e+02, 9.46322632e+02, 6.09375244e+02,
    9.46471924e+02, 6.39698242e+02, 9.46781555e+02, 6.70091919e+02,
    9.15371033e+02, 5.18660034e+02, 9.15611389e+02, 5.49319031e+02,
    9.15709106e+02, 5.79410339e+02, 9.15928040e+02, 6.09482422e+02,
    9.16002258e+02, 6.39768677e+02, 9.16342346e+02, 6.70170410e+02,
    8.85350769e+02, 5.18876770e+02, 8.85630127e+02, 5.49440796e+02,
    8.85688049e+02, 5.79539917e+02, 8.85821106e+02, 6.09637756e+02,
    8.86055969e+02, 6.39808105e+02, 8.86305664e+02, 6.70268677e+02,
    8.55155579e+02, 5.19149658e+02, 8.55581970e+02, 5.49599304e+02,
    8.55676514e+02, 5.79697083e+02, 8.55811035e+02, 6.09662109e+02,
    8.56095215e+02, 6.39776733e+02, 8.56349243e+02, 6.70287842e+02,
    8.25434692e+02, 5.19367493e+02, 8.26026794e+02, 5.49761963e+02,
    8.26168030e+02, 5.79811157e+02, 8.26339233e+02, 6.09716003e+02,
    8.26549622e+02, 6.39745850e+02, 8.26743958e+02, 6.70247681e+02,
    7.95777039e+02, 5.19632996e+02, 7.96210449e+02, 5.50030884e+02,
    7.96314026e+02, 5.80030701e+02, 7.96566711e+02, 6.09782043e+02,
    7.96733643e+02, 6.39786011e+02, 7.97326965e+02, 6.70039795e+02 ]
