%YAML:1.0
---
points: [ 1.02809741e+03, 4.67238953e+02, 1.02734045e+03, 4.88633331e+02,
    1.02650244e+03, 5.09913910e+02, 1.02584521e+03, 5.31377441e+02,
    1.02481616e+03, 5.52717834e+02, 1.02403259e+03, 5.74611023e+02,
    1.00721277e+03, 4.67292358e+02, 1.00644818e+03, 4.88516663e+02,
    1.00567407e+03, 5.09759094e+02, 1.00482025e+03, 5.31003113e+02,
    1.00379095e+03, 5.52210754e+02, 1.00298230e+03, 5.73944336e+02,
    9.86506592e+02, 4.67289429e+02, 9.85708923e+02, 4.88428467e+02,
    9.84827332e+02, 5.09475861e+02, 9.83855286e+02, 5.30505737e+02,
    9.82561462e+02, 5.51616943e+02, 9.81882874e+02, 5.73339111e+02,
    9.65885254e+02, 4.67153503e+02, 9.65058105e+02, 4.88295929e+02,
    9.64063660e+02, 5.09166687e+02, 9.63098450e+02, 5.30141357e+02,
    9.61867676e+02, 5.51149170e+02, 9.61174011e+02, 5.72654053e+02,
    9.45135742e+02, 4.66926392e+02, 9.44282959e+02, 4.88099915e+02,
    9.43281677e+02, 5.08717285e+02, 9.42138672e+02, 5.29696655e+02,
    9.40891602e+02, 5.50597473e+02, 9.40158630e+02, 5.72179382e+02,
    9.24782288e+02, 4.66715912e+02, 9.23980347e+02, 4.87759857e+02,
    9.22872925e+02, 5.08490875e+02, 9.21682434e+02, 5.29350464e+02,
    9.20593994e+02, 5.50267273e+02, 9.19589417e+02, 5.71458435e+02,
    9.04402039e+02, 4.66584412e+02, 9.03638672e+02, 4.87570801e+02,
    9.02458130e+02, 5.08277679e+02, 9.01492310e+02, 5.28853821e+02,
    9.00423767e+02, 5.49680359e+02, 8.99257080e+02, 5.70897644e+02,
    8.84549561e+02, 4.66427979e+02, 8.83743835e+02, 4.87371948e+02,
    8.82486938e+02, 5.07787598e+02, 8.81401184e+02, 5.28556519e+02,
    8.80326050e+02, 5.49341919e+02, 8.79203308e+02, 5.70455444e+02,
    8.64917358e+02, 4.66347961e+02, 8.63910828e+02, 4.87114563e+02,
    8.62631775e+02, 5.07562500e+02, 8.61556458e+02, 5.28245972e+02,
    8.60307373e+02, 5.48820923e+02, 8.59484070e+02, 5.69852661e+02 ]
