%YAML:1.0
---
points: [ 3.07929199e+02, 2.02759430e+02, 3.07877594e+02, 2.13903275e+02,
    3.07790649e+02, 2.24986084e+02, 3.07765350e+02, 2.35895874e+02,
    3.07671661e+02, 2.46647110e+02, 3.07729767e+02, 2.57316162e+02,
    2.96512360e+02, 2.02710678e+02, 2.96468475e+02, 2.13858719e+02,
    2.96524658e+02, 2.24851501e+02, 2.96557922e+02, 2.35708984e+02,
    2.96631897e+02, 2.46465057e+02, 2.96553925e+02, 2.56928619e+02,
    2.85003876e+02, 2.02708282e+02, 2.85128296e+02, 2.13797668e+02,
    2.85260132e+02, 2.24771439e+02, 2.85354309e+02, 2.35559219e+02,
    2.85365845e+02, 2.46311020e+02, 2.85558380e+02, 2.56840515e+02,
    2.73828491e+02, 2.02592072e+02, 2.73883575e+02, 2.13795258e+02,
    2.74040588e+02, 2.24717026e+02, 2.74238190e+02, 2.35489655e+02,
    2.74362091e+02, 2.46148788e+02, 2.74554626e+02, 2.56610687e+02,
    2.62551910e+02, 2.02674789e+02, 2.62695312e+02, 2.13708023e+02,
    2.62784149e+02, 2.24644058e+02, 2.63024536e+02, 2.35323257e+02,
    2.63187988e+02, 2.45987320e+02, 2.63552185e+02, 2.56446381e+02,
    2.51450531e+02, 2.02692444e+02, 2.51670654e+02, 2.13657318e+02,
    2.51837265e+02, 2.24537399e+02, 2.52089127e+02, 2.35219620e+02,
    2.52418701e+02, 2.45896378e+02, 2.52643967e+02, 2.56255463e+02,
    2.40308334e+02, 2.02725143e+02, 2.40672577e+02, 2.13695084e+02,
    2.40838547e+02, 2.24549957e+02, 2.41229706e+02, 2.35080399e+02,
    2.41606934e+02, 2.45767776e+02, 2.41879135e+02, 2.56065125e+02,
    2.29453293e+02, 2.02767593e+02, 2.29760269e+02, 2.13609573e+02,
    2.30093689e+02, 2.24413345e+02, 2.30502411e+02, 2.34993805e+02,
    2.30813721e+02, 2.45502319e+02, 2.31303314e+02, 2.56018646e+02,
    2.18527878e+02, 2.02779190e+02, 2.18920425e+02, 2.13686920e+02,
    2.19336700e+02, 2.24309937e+02, 2.19773132e+02, 2.34916061e+02,
    2.20260590e+02, 2.45266846e+02, 2.20695160e+02, 2.55672073e+02 ]
