%YAML:1.0
---
points: [ 1.00728558e+03, 5.23401184e+02, 1.00838947e+03, 5.56797424e+02,
    1.00961902e+03, 5.91162842e+02, 1.01082990e+03, 6.26009949e+02,
    1.01214313e+03, 6.61248901e+02, 1.01320361e+03, 6.97851929e+02,
    9.72629883e+02, 5.23561584e+02, 9.73536255e+02, 5.57400879e+02,
    9.74323853e+02, 5.91670715e+02, 9.75248657e+02, 6.26392395e+02,
    9.76144226e+02, 6.61497742e+02, 9.76936707e+02, 6.98293823e+02,
    9.37916504e+02, 5.23965332e+02, 9.38412231e+02, 5.57816406e+02,
    9.38847534e+02, 5.92019226e+02, 9.39436340e+02, 6.26562561e+02,
    9.40056946e+02, 6.61697571e+02, 9.40432861e+02, 6.98588501e+02,
    9.03139526e+02, 5.23949158e+02, 9.03260254e+02, 5.57860840e+02,
    9.03361389e+02, 5.92086304e+02, 9.03533875e+02, 6.26669189e+02,
    9.03718506e+02, 6.61907654e+02, 9.03770264e+02, 6.98975647e+02,
    8.67820740e+02, 5.23713074e+02, 8.67614197e+02, 5.57894043e+02,
    8.67318420e+02, 5.92038208e+02, 8.67093567e+02, 6.26831299e+02,
    8.66755615e+02, 6.62233398e+02, 8.66552002e+02, 6.99390198e+02,
    8.32706665e+02, 5.23633057e+02, 8.32245300e+02, 5.57969727e+02,
    8.31632751e+02, 5.92113464e+02, 8.30950684e+02, 6.26841919e+02,
    8.30256409e+02, 6.62455750e+02, 8.29491394e+02, 6.99728577e+02,
    7.97324829e+02, 5.23500244e+02, 7.96525635e+02, 5.57842163e+02,
    7.95513916e+02, 5.92220520e+02, 7.94509155e+02, 6.27265930e+02,
    7.93299744e+02, 6.62832520e+02, 7.92305542e+02, 7.00184448e+02,
    7.61789978e+02, 5.23183777e+02, 7.60660339e+02, 5.57728638e+02,
    7.59370972e+02, 5.92233215e+02, 7.57947266e+02, 6.27396423e+02,
    7.56441772e+02, 6.63324219e+02, 7.54892822e+02, 7.00571594e+02,
    7.26293396e+02, 5.23315796e+02, 7.24562744e+02, 5.57570312e+02,
    7.22878540e+02, 5.92250427e+02, 7.21137268e+02, 6.27662964e+02,
    7.19176025e+02, 6.63632385e+02, 7.17529663e+02, 7.01291504e+02 ]
