%YAML:1.0
---
points: [ 2.89066772e+02, 2.00395676e+02, 2.89801758e+02, 2.11985596e+02,
    2.90457062e+02, 2.23959015e+02, 2.91184235e+02, 2.35976257e+02,
    2.92070923e+02, 2.48148071e+02, 2.92725586e+02, 2.61032349e+02,
    2.77173737e+02, 2.00758072e+02, 2.77617279e+02, 2.12440521e+02,
    2.78308167e+02, 2.24197403e+02, 2.78860535e+02, 2.36248688e+02,
    2.79507599e+02, 2.48465591e+02, 2.80275818e+02, 2.61100647e+02,
    2.65160919e+02, 2.00921799e+02, 2.65597076e+02, 2.12740952e+02,
    2.66112762e+02, 2.24448166e+02, 2.66585602e+02, 2.36442017e+02,
    2.67162262e+02, 2.48694565e+02, 2.67548218e+02, 2.61437561e+02,
    2.53198151e+02, 2.00975189e+02, 2.53558823e+02, 2.12914291e+02,
    2.53827988e+02, 2.24726151e+02, 2.54189697e+02, 2.36580780e+02,
    2.54535919e+02, 2.48972824e+02, 2.54820953e+02, 2.61773102e+02,
    2.40911621e+02, 2.01018219e+02, 2.41182785e+02, 2.12958771e+02,
    2.41512039e+02, 2.24776840e+02, 2.41713089e+02, 2.36821609e+02,
    2.41831985e+02, 2.48993042e+02, 2.42021637e+02, 2.61878815e+02,
    2.28749161e+02, 2.01100174e+02, 2.28777023e+02, 2.12990891e+02,
    2.28995071e+02, 2.24831177e+02, 2.29161011e+02, 2.36914597e+02,
    2.29175232e+02, 2.49245331e+02, 2.29266495e+02, 2.62128235e+02,
    2.16647705e+02, 2.00930588e+02, 2.16555313e+02, 2.13183731e+02,
    2.16503311e+02, 2.24991547e+02, 2.16459473e+02, 2.37067612e+02,
    2.16469177e+02, 2.49602341e+02, 2.16347260e+02, 2.62582428e+02,
    2.04185532e+02, 2.01222504e+02, 2.04272751e+02, 2.13234787e+02,
    2.04045624e+02, 2.25060959e+02, 2.03833008e+02, 2.37396118e+02,
    2.03597870e+02, 2.49834137e+02, 2.03476685e+02, 2.62925201e+02,
    1.91983353e+02, 2.01460800e+02, 1.91614960e+02, 2.13390427e+02,
    1.91432922e+02, 2.25246964e+02, 1.91091888e+02, 2.37820587e+02,
    1.90663254e+02, 2.49999527e+02, 1.90289291e+02, 2.63215302e+02 ]
