%YAML:1.0
---
points: [ 8.18522644e+02, 4.61926208e+02, 8.36835510e+02, 4.93436584e+02,
    8.55244934e+02, 5.24913025e+02, 8.73595947e+02, 5.56566650e+02,
    8.92248108e+02, 5.88300720e+02, 9.10917175e+02, 6.20653870e+02,
    7.86543152e+02, 4.79899048e+02, 8.04939819e+02, 5.11649719e+02,
    8.23306152e+02, 5.43340637e+02, 8.41620178e+02, 5.75105896e+02,
    8.60123230e+02, 6.06850525e+02, 8.78844299e+02, 6.39513245e+02,
    7.54353699e+02, 4.98270691e+02, 7.72675415e+02, 5.30137573e+02,
    7.90955261e+02, 5.61811768e+02, 8.09224854e+02, 5.93651428e+02,
    8.27607849e+02, 6.25647034e+02, 8.46444458e+02, 6.58544373e+02,
    7.21715454e+02, 5.16331055e+02, 7.40092224e+02, 5.48447998e+02,
    7.58261719e+02, 5.80328003e+02, 7.76513184e+02, 6.12451843e+02,
    7.94724121e+02, 6.44703430e+02, 8.13585815e+02, 6.77826965e+02,
    6.88080872e+02, 5.34720825e+02, 7.06571838e+02, 5.67249451e+02,
    7.24675964e+02, 5.99392090e+02, 7.42919434e+02, 6.31599976e+02,
    7.61214478e+02, 6.64292236e+02, 7.80071350e+02, 6.97486389e+02,
    6.54575562e+02, 5.53132874e+02, 6.73102234e+02, 5.85839294e+02,
    6.91210266e+02, 6.18232666e+02, 7.09343994e+02, 6.50773804e+02,
    7.27642090e+02, 6.83747009e+02, 7.46507141e+02, 7.17339294e+02,
    6.20456116e+02, 5.71910645e+02, 6.39114258e+02, 6.04769653e+02,
    6.57128174e+02, 6.37447571e+02, 6.75394226e+02, 6.70383301e+02,
    6.93580994e+02, 7.03529785e+02, 7.12452881e+02, 7.37429260e+02,
    5.86046997e+02, 5.90634155e+02, 6.04655151e+02, 6.23977966e+02,
    6.22681824e+02, 6.56878235e+02, 6.40956543e+02, 6.90128479e+02,
    6.59392334e+02, 7.23485596e+02, 6.77985291e+02, 7.57660156e+02,
    5.51284607e+02, 6.10098633e+02, 5.69706604e+02, 6.43384705e+02,
    5.87798035e+02, 6.76526306e+02, 6.06198792e+02, 7.10040344e+02,
    6.24543091e+02, 7.43695679e+02, 6.43515503e+02, 7.78050964e+02 ]
