%YAML:1.0
---
points: [ 1.86421982e+02, 2.01071182e+02, 1.86834381e+02, 2.13328278e+02,
    1.87309631e+02, 2.25193100e+02, 1.87594452e+02, 2.37070282e+02,
    1.88005417e+02, 2.49081985e+02, 1.88196381e+02, 2.61235138e+02,
    1.74349838e+02, 2.01697281e+02, 1.74668365e+02, 2.13849060e+02,
    1.75160324e+02, 2.25943253e+02, 1.75472839e+02, 2.38019867e+02,
    1.75882477e+02, 2.50122437e+02, 1.76307999e+02, 2.62279541e+02,
    1.61760223e+02, 2.01940186e+02, 1.62236572e+02, 2.14500610e+02,
    1.62557129e+02, 2.26728287e+02, 1.63127838e+02, 2.38914780e+02,
    1.63482910e+02, 2.51227493e+02, 1.63684311e+02, 2.63639435e+02,
    1.49074402e+02, 2.02403931e+02, 1.49429977e+02, 2.14919510e+02,
    1.49885757e+02, 2.27528488e+02, 1.50362579e+02, 2.39869614e+02,
    1.50760666e+02, 2.52357391e+02, 1.51167908e+02, 2.64873322e+02,
    1.35637115e+02, 2.02776001e+02, 1.36076309e+02, 2.15700821e+02,
    1.36507370e+02, 2.28264206e+02, 1.37130142e+02, 2.40877777e+02,
    1.37439789e+02, 2.53629715e+02, 1.37814651e+02, 2.66210052e+02,
    1.22123199e+02, 2.03336075e+02, 1.22681854e+02, 2.16253265e+02,
    1.23158516e+02, 2.29088791e+02, 1.23568054e+02, 2.41855606e+02,
    1.24155052e+02, 2.54804184e+02, 1.24384842e+02, 2.67577850e+02,
    1.08475433e+02, 2.03724686e+02, 1.08662384e+02, 2.16879303e+02,
    1.09212006e+02, 2.29965988e+02, 1.09750114e+02, 2.42892746e+02,
    1.10275406e+02, 2.55919907e+02, 1.10642502e+02, 2.68925232e+02,
    9.38000870e+01, 2.04163208e+02, 9.46329880e+01, 2.17765762e+02,
    9.51157761e+01, 2.30776581e+02, 9.55557251e+01, 2.43965317e+02,
    9.60815201e+01, 2.57063507e+02, 9.65965195e+01, 2.70330780e+02,
    7.94299469e+01, 2.04767090e+02, 7.99743423e+01, 2.18269363e+02,
    8.04952927e+01, 2.31733398e+02, 8.10232849e+01, 2.44969757e+02,
    8.15911942e+01, 2.58282318e+02, 8.22173233e+01, 2.71617523e+02 ]
