%YAML:1.0
---
points: [ 2.24306229e+02, 1.79825363e+02, 2.31009781e+02, 1.90708420e+02,
    2.37411819e+02, 2.01511230e+02, 2.43968658e+02, 2.12370331e+02,
    2.50603210e+02, 2.23268784e+02, 2.57243195e+02, 2.34633102e+02,
    2.13388107e+02, 1.86191910e+02, 2.19985672e+02, 1.97190033e+02,
    2.26425674e+02, 2.07867752e+02, 2.33037735e+02, 2.18985275e+02,
    2.39539047e+02, 2.29893845e+02, 2.46369034e+02, 2.41046768e+02,
    2.02344681e+02, 1.92592285e+02, 2.08907211e+02, 2.03615387e+02,
    2.15405365e+02, 2.14451859e+02, 2.21963898e+02, 2.25480392e+02,
    2.28541611e+02, 2.36455048e+02, 2.35123550e+02, 2.47905731e+02,
    1.91207870e+02, 1.98967484e+02, 1.97721069e+02, 2.10054611e+02,
    2.04226273e+02, 2.21072403e+02, 2.10762741e+02, 2.32080658e+02,
    2.17156937e+02, 2.43421234e+02, 2.23889893e+02, 2.54602249e+02,
    1.79614471e+02, 2.05491699e+02, 1.86121277e+02, 2.16674698e+02,
    1.92730804e+02, 2.27760574e+02, 1.99210037e+02, 2.38863770e+02,
    2.05859879e+02, 2.50077423e+02, 2.12502914e+02, 2.61944061e+02,
    1.68072220e+02, 2.12039719e+02, 1.74739075e+02, 2.23334702e+02,
    1.81138565e+02, 2.34478226e+02, 1.87697906e+02, 2.45659439e+02,
    1.94184525e+02, 2.57077667e+02, 2.00905319e+02, 2.68683197e+02,
    1.56323746e+02, 2.18417999e+02, 1.62997238e+02, 2.30067902e+02,
    1.69441818e+02, 2.41359222e+02, 1.75983856e+02, 2.52598480e+02,
    1.82539200e+02, 2.64117737e+02, 1.89184219e+02, 2.75773438e+02,
    1.44409851e+02, 2.25333237e+02, 1.51237854e+02, 2.36819855e+02,
    1.57638412e+02, 2.48197220e+02, 1.64114471e+02, 2.59700226e+02,
    1.70711578e+02, 2.71221039e+02, 1.77542633e+02, 2.82996246e+02,
    1.32608841e+02, 2.32279907e+02, 1.39239532e+02, 2.43596573e+02,
    1.45698792e+02, 2.55148880e+02, 1.52275299e+02, 2.66743530e+02,
    1.58824188e+02, 2.78319153e+02, 1.65526520e+02, 2.90278107e+02 ]
