%YAML:1.0
---
points: [ 1.05325867e+03, 4.69477722e+02, 1.05155774e+03, 4.91275726e+02,
    1.05007935e+03, 5.12917480e+02, 1.04880066e+03, 5.34624695e+02,
    1.04725232e+03, 5.56311523e+02, 1.04587537e+03, 5.78617126e+02,
    1.03344824e+03, 4.69681030e+02, 1.03213281e+03, 4.91335907e+02,
    1.03056494e+03, 5.12695251e+02, 1.02902478e+03, 5.34247009e+02,
    1.02727148e+03, 5.55625916e+02, 1.02594275e+03, 5.77563110e+02,
    1.01420917e+03, 4.69860199e+02, 1.01264984e+03, 4.91326874e+02,
    1.01122485e+03, 5.12520874e+02, 1.00941437e+03, 5.33685120e+02,
    1.00740155e+03, 5.54887329e+02, 1.00624414e+03, 5.76701904e+02,
    9.95107300e+02, 4.69971222e+02, 9.93474548e+02, 4.91205353e+02,
    9.91794434e+02, 5.12144775e+02, 9.90049377e+02, 5.33211121e+02,
    9.87980286e+02, 5.54274414e+02, 9.86881775e+02, 5.75783813e+02,
    9.75657166e+02, 4.70056641e+02, 9.74345215e+02, 4.91123810e+02,
    9.72581543e+02, 5.11821106e+02, 9.70690796e+02, 5.32684631e+02,
    9.68912781e+02, 5.53639160e+02, 9.67780945e+02, 5.74984863e+02,
    9.57128357e+02, 4.70041382e+02, 9.55746338e+02, 4.90896179e+02,
    9.53992371e+02, 5.11527527e+02, 9.52181946e+02, 5.32075500e+02,
    9.50213623e+02, 5.52845032e+02, 9.48911621e+02, 5.73989685e+02,
    9.38553467e+02, 4.70158478e+02, 9.37550659e+02, 4.90798065e+02,
    9.35608765e+02, 5.11186523e+02, 9.33819336e+02, 5.31634521e+02,
    9.32241577e+02, 5.52095459e+02, 9.30632324e+02, 5.73136169e+02,
    9.20755432e+02, 4.70127533e+02, 9.19564758e+02, 4.90639954e+02,
    9.17758301e+02, 5.10844147e+02, 9.16160034e+02, 5.31069519e+02,
    9.14366943e+02, 5.51444763e+02, 9.12660645e+02, 5.72212158e+02,
    9.03356750e+02, 4.70279694e+02, 9.01729187e+02, 4.90555939e+02,
    9.00264221e+02, 5.10515350e+02, 8.98500427e+02, 5.30545227e+02,
    8.96749023e+02, 5.50731750e+02, 8.95698303e+02, 5.71459778e+02 ]
