%YAML:1.0
---
points: [ 3.38284607e+02, 1.97840546e+02, 3.38442078e+02, 2.09046921e+02,
    3.38455017e+02, 2.20194183e+02, 3.38608246e+02, 2.31008224e+02,
    3.38699493e+02, 2.41922668e+02, 3.38843658e+02, 2.52983414e+02,
    3.27158691e+02, 1.97957870e+02, 3.27332214e+02, 2.09174759e+02,
    3.27303467e+02, 2.19936035e+02, 3.27472931e+02, 2.30896667e+02,
    3.27659943e+02, 2.41895355e+02, 3.27770721e+02, 2.52831619e+02,
    3.15992523e+02, 1.98459900e+02, 3.16150452e+02, 2.09259537e+02,
    3.16355347e+02, 2.19952469e+02, 3.16517975e+02, 2.30817749e+02,
    3.16588043e+02, 2.41739029e+02, 3.16713654e+02, 2.52528763e+02,
    3.05181641e+02, 1.98649628e+02, 3.05409790e+02, 2.09456406e+02,
    3.05630768e+02, 2.19984634e+02, 3.05682861e+02, 2.30847824e+02,
    3.05730286e+02, 2.41605270e+02, 3.05903137e+02, 2.52172501e+02,
    2.94619690e+02, 1.98840591e+02, 2.94687805e+02, 2.09538345e+02,
    2.94735962e+02, 2.20049225e+02, 2.94812866e+02, 2.30737900e+02,
    2.94822021e+02, 2.41375137e+02, 2.94954102e+02, 2.52032791e+02,
    2.83852966e+02, 1.98824799e+02, 2.84137299e+02, 2.09620453e+02,
    2.84166290e+02, 2.19914093e+02, 2.84327148e+02, 2.30743439e+02,
    2.84443756e+02, 2.41115540e+02, 2.84657684e+02, 2.51917877e+02,
    2.73684052e+02, 1.98941925e+02, 2.73767151e+02, 2.09596756e+02,
    2.73806519e+02, 2.20028168e+02, 2.73857941e+02, 2.30715454e+02,
    2.73953796e+02, 2.40931061e+02, 2.74111420e+02, 2.51664368e+02,
    2.63389069e+02, 1.99217773e+02, 2.63628418e+02, 2.09710831e+02,
    2.63690186e+02, 2.20013199e+02, 2.63689850e+02, 2.30472458e+02,
    2.63816132e+02, 2.40789322e+02, 2.63920319e+02, 2.51370560e+02,
    2.53435806e+02, 1.99468155e+02, 2.53588272e+02, 2.09765060e+02,
    2.53658707e+02, 2.20049438e+02, 2.53749878e+02, 2.30450150e+02,
    2.53803955e+02, 2.40711700e+02, 2.53875397e+02, 2.51091537e+02 ]
