%YAML:1.0
---
points: [ 3.12121185e+02, 2.22268799e+02, 3.06832825e+02, 2.34231094e+02,
    3.01480011e+02, 2.45985870e+02, 2.96052368e+02, 2.57837860e+02,
    2.90780060e+02, 2.70036377e+02, 2.85018921e+02, 2.82350616e+02,
    3.00665344e+02, 2.16691055e+02, 2.95194885e+02, 2.28526657e+02,
    2.89875092e+02, 2.40417404e+02, 2.84490326e+02, 2.52338852e+02,
    2.79070007e+02, 2.64401794e+02, 2.73430054e+02, 2.76761383e+02,
    2.89175873e+02, 2.11125717e+02, 2.83661743e+02, 2.22873993e+02,
    2.78229614e+02, 2.34689529e+02, 2.72809509e+02, 2.46669754e+02,
    2.67325439e+02, 2.58729523e+02, 2.61485077e+02, 2.71065826e+02,
    2.77757294e+02, 2.05338150e+02, 2.72228668e+02, 2.17260391e+02,
    2.66623779e+02, 2.29069382e+02, 2.61073761e+02, 2.40887024e+02,
    2.55544235e+02, 2.53181549e+02, 2.49707047e+02, 2.65402832e+02,
    2.66059357e+02, 1.99488754e+02, 2.60340393e+02, 2.11349197e+02,
    2.54817993e+02, 2.23221725e+02, 2.49179535e+02, 2.35261551e+02,
    2.43497086e+02, 2.47383484e+02, 2.37515854e+02, 2.59702972e+02,
    2.54336136e+02, 1.93722031e+02, 2.48648880e+02, 2.05649765e+02,
    2.43027985e+02, 2.17434097e+02, 2.37313553e+02, 2.29433151e+02,
    2.31446442e+02, 2.41688721e+02, 2.25474350e+02, 2.53947342e+02,
    2.42803574e+02, 1.87716095e+02, 2.36830734e+02, 1.99737579e+02,
    2.31142700e+02, 2.11631409e+02, 2.25211288e+02, 2.23669724e+02,
    2.19347076e+02, 2.35794876e+02, 2.13213989e+02, 2.48343369e+02,
    2.30815750e+02, 1.81754990e+02, 2.25018097e+02, 1.93894073e+02,
    2.19127365e+02, 2.05775894e+02, 2.13269897e+02, 2.17786362e+02,
    2.07240692e+02, 2.30157028e+02, 2.00868591e+02, 2.42559357e+02,
    2.18850510e+02, 1.76035980e+02, 2.12976227e+02, 1.87950623e+02,
    2.07088425e+02, 1.99885590e+02, 2.00907715e+02, 2.12033981e+02,
    1.94817398e+02, 2.24248642e+02, 1.88624466e+02, 2.36582321e+02 ]
