%YAML:1.0
---
points: [ 1.06939148e+03, 5.86935669e+02, 1.05345435e+03, 6.20957520e+02,
    1.03743677e+03, 6.54880371e+02, 1.02120496e+03, 6.89184570e+02,
    1.00519739e+03, 7.23681885e+02, 9.88351257e+02, 7.58791138e+02,
    1.03646985e+03, 5.70455811e+02, 1.02031439e+03, 6.04449097e+02,
    1.00411450e+03, 6.38412170e+02, 9.87852051e+02, 6.72624023e+02,
    9.71640320e+02, 7.07370422e+02, 9.54543335e+02, 7.42474182e+02,
    1.00340869e+03, 5.53732788e+02, 9.87000366e+02, 5.87869385e+02,
    9.70638977e+02, 6.21745911e+02, 9.54219543e+02, 6.56141174e+02,
    9.37693176e+02, 6.90757141e+02, 9.20495972e+02, 7.26063782e+02,
    9.70353149e+02, 5.36959167e+02, 9.53570923e+02, 5.71108582e+02,
    9.37066528e+02, 6.05164368e+02, 9.20498596e+02, 6.39459351e+02,
    9.03718628e+02, 6.74192627e+02, 8.86305359e+02, 7.09488708e+02,
    9.36536682e+02, 5.19859619e+02, 9.19632629e+02, 5.53932495e+02,
    9.02816956e+02, 5.88135864e+02, 8.85959473e+02, 6.22413025e+02,
    8.68862305e+02, 6.57243042e+02, 8.51305115e+02, 6.92617126e+02,
    9.03015869e+02, 5.02586670e+02, 8.85705017e+02, 5.36963013e+02,
    8.68749634e+02, 5.71068787e+02, 8.51626160e+02, 6.05485596e+02,
    8.34340271e+02, 6.40409729e+02, 8.16412781e+02, 6.75800537e+02,
    8.68998535e+02, 4.85309509e+02, 8.51603638e+02, 5.19744690e+02,
    8.34390137e+02, 5.53799866e+02, 8.16899780e+02, 5.88473083e+02,
    7.99322876e+02, 6.23282593e+02, 7.81294678e+02, 6.58790894e+02,
    8.34912476e+02, 4.67850220e+02, 8.17293762e+02, 5.02412933e+02,
    7.99725525e+02, 5.36591736e+02, 7.82130005e+02, 5.71273926e+02,
    7.64170837e+02, 6.06120117e+02, 7.45833923e+02, 6.41782715e+02,
    8.00304749e+02, 4.50461060e+02, 7.82559692e+02, 4.84759125e+02,
    7.64716553e+02, 5.19260681e+02, 7.46760315e+02, 5.53735779e+02,
    7.28651550e+02, 5.88787903e+02, 7.10218933e+02, 6.24538757e+02 ]
