%YAML:1.0
---
points: [ 1.00371991e+03, 4.70265869e+02, 1.00472894e+03, 4.92181458e+02,
    1.00580481e+03, 5.13879761e+02, 1.00666364e+03, 5.35780945e+02,
    1.00763721e+03, 5.57559326e+02, 1.00849908e+03, 5.79916565e+02,
    9.82097534e+02, 4.71028076e+02, 9.83046631e+02, 4.92966827e+02,
    9.84024902e+02, 5.14808350e+02, 9.84967224e+02, 5.36709961e+02,
    9.86073364e+02, 5.58579712e+02, 9.86793396e+02, 5.80710449e+02,
    9.60338989e+02, 4.71761383e+02, 9.61287720e+02, 4.93804657e+02,
    9.62255554e+02, 5.15710144e+02, 9.63350403e+02, 5.37597717e+02,
    9.64266113e+02, 5.59456238e+02, 9.65042053e+02, 5.81601257e+02,
    9.38613708e+02, 4.72510162e+02, 9.39506592e+02, 4.94604004e+02,
    9.40426758e+02, 5.16622070e+02, 9.41401550e+02, 5.38456726e+02,
    9.42465881e+02, 5.60337158e+02, 9.43256104e+02, 5.82479370e+02,
    9.16663940e+02, 4.73311340e+02, 9.17461060e+02, 4.95495361e+02,
    9.18335999e+02, 5.17400818e+02, 9.19173950e+02, 5.39124329e+02,
    9.20198608e+02, 5.61121643e+02, 9.20996094e+02, 5.83458130e+02,
    8.94739075e+02, 4.73988831e+02, 8.95585144e+02, 4.96348236e+02,
    8.96500977e+02, 5.18171509e+02, 8.97280945e+02, 5.40117310e+02,
    8.98146729e+02, 5.62036255e+02, 8.99003418e+02, 5.84500244e+02,
    8.72620605e+02, 4.74843689e+02, 8.73531677e+02, 4.97011566e+02,
    8.74402466e+02, 5.18889709e+02, 8.75189087e+02, 5.40876160e+02,
    8.75998718e+02, 5.62959473e+02, 8.76772400e+02, 5.85531555e+02,
    8.50612000e+02, 4.75498138e+02, 8.51454285e+02, 4.97657471e+02,
    8.52350403e+02, 5.19707092e+02, 8.53140015e+02, 5.41733215e+02,
    8.53855896e+02, 5.64016785e+02, 8.54636414e+02, 5.86418640e+02,
    8.28474976e+02, 4.76278992e+02, 8.29228760e+02, 4.98451599e+02,
    8.29935425e+02, 5.20557922e+02, 8.30846497e+02, 5.42766602e+02,
    8.31664185e+02, 5.64905701e+02, 8.32506958e+02, 5.87330200e+02 ]
