%YAML:1.0
---
points: [ 2.60328949e+02, 2.02523727e+02, 2.60890961e+02, 2.16797256e+02,
    2.61616211e+02, 2.30811462e+02, 2.62017975e+02, 2.44899673e+02,
    2.62905243e+02, 2.59034637e+02, 2.63328796e+02, 2.73552765e+02,
    2.47042404e+02, 2.02963745e+02, 2.47704193e+02, 2.17318771e+02,
    2.48271484e+02, 2.31619675e+02, 2.48885330e+02, 2.45898483e+02,
    2.49689896e+02, 2.60187622e+02, 2.50329666e+02, 2.74813751e+02,
    2.33524933e+02, 2.03421661e+02, 2.34050735e+02, 2.17960739e+02,
    2.34612686e+02, 2.32328659e+02, 2.35367310e+02, 2.47012680e+02,
    2.36242050e+02, 2.61513031e+02, 2.36551804e+02, 2.76297791e+02,
    2.19583588e+02, 2.03877426e+02, 2.20222885e+02, 2.18607620e+02,
    2.20782959e+02, 2.33314713e+02, 2.21480591e+02, 2.47926025e+02,
    2.22325058e+02, 2.62917603e+02, 2.22642014e+02, 2.77828491e+02,
    2.05294922e+02, 2.04259125e+02, 2.05616348e+02, 2.19369019e+02,
    2.06387589e+02, 2.34189529e+02, 2.07152756e+02, 2.49197983e+02,
    2.07639755e+02, 2.64232544e+02, 2.08251587e+02, 2.79379944e+02,
    1.90462708e+02, 2.04813385e+02, 1.90992661e+02, 2.19952255e+02,
    1.91565918e+02, 2.35104935e+02, 1.92281494e+02, 2.50321381e+02,
    1.92851868e+02, 2.65758545e+02, 1.93315308e+02, 2.81170258e+02,
    1.75265259e+02, 2.05185974e+02, 1.75526169e+02, 2.20857971e+02,
    1.76345947e+02, 2.36109894e+02, 1.76835953e+02, 2.51680954e+02,
    1.77423187e+02, 2.67111847e+02, 1.77844406e+02, 2.83028168e+02,
    1.59338486e+02, 2.05775055e+02, 1.59989349e+02, 2.21654083e+02,
    1.60497253e+02, 2.37094666e+02, 1.61038803e+02, 2.52913239e+02,
    1.61508362e+02, 2.68736145e+02, 1.61912567e+02, 2.84774872e+02,
    1.43096527e+02, 2.06341644e+02, 1.43526443e+02, 2.22372681e+02,
    1.44153549e+02, 2.38236038e+02, 1.44421661e+02, 2.54206223e+02,
    1.45125549e+02, 2.70258362e+02, 1.45420395e+02, 2.86603394e+02 ]
