%YAML:1.0
---
points: [ 7.43325745e+02, 4.82966339e+02, 7.80585876e+02, 4.82748962e+02,
    8.17477661e+02, 4.82612915e+02, 8.54243896e+02, 4.82475403e+02,
    8.90874634e+02, 4.82309082e+02, 9.27986755e+02, 4.82198364e+02,
    7.44152466e+02, 5.19499573e+02, 7.81387695e+02, 5.19376099e+02,
    8.18084167e+02, 5.19213684e+02, 8.54699524e+02, 5.18951782e+02,
    8.91313843e+02, 5.18801331e+02, 9.28254700e+02, 5.18705261e+02,
    7.44901245e+02, 5.55901062e+02, 7.82012268e+02, 5.55652344e+02,
    8.18667908e+02, 5.55495972e+02, 8.55094360e+02, 5.55437073e+02,
    8.91590149e+02, 5.55390381e+02, 9.28462341e+02, 5.55118347e+02,
    7.45516724e+02, 5.92276306e+02, 7.82649292e+02, 5.92023254e+02,
    8.19137878e+02, 5.91781860e+02, 8.55391846e+02, 5.91711975e+02,
    8.91822632e+02, 5.91709229e+02, 9.28662964e+02, 5.91339050e+02,
    7.46182922e+02, 6.28878845e+02, 7.83240479e+02, 6.28574463e+02,
    8.19517334e+02, 6.28442871e+02, 8.55798096e+02, 6.28364075e+02,
    8.92222717e+02, 6.28272339e+02, 9.28983032e+02, 6.27793396e+02,
    7.46701416e+02, 6.64978149e+02, 7.83787109e+02, 6.64528015e+02,
    8.19891235e+02, 6.64544922e+02, 8.56233582e+02, 6.64444885e+02,
    8.92471436e+02, 6.64257629e+02, 9.29251404e+02, 6.63823669e+02,
    7.47328857e+02, 7.01086670e+02, 7.84315369e+02, 7.00508057e+02,
    8.20408264e+02, 7.00468140e+02, 8.56667297e+02, 7.00232727e+02,
    8.92783997e+02, 7.00067749e+02, 9.29467346e+02, 6.99665405e+02,
    7.47740906e+02, 7.37101929e+02, 7.84690430e+02, 7.36330933e+02,
    8.20874207e+02, 7.36208618e+02, 8.57047607e+02, 7.35834778e+02,
    8.93161194e+02, 7.35540039e+02, 9.29704590e+02, 7.35272888e+02,
    7.48386658e+02, 7.72559265e+02, 7.84984314e+02, 7.72159790e+02,
    8.21247192e+02, 7.71916626e+02, 8.57440979e+02, 7.71469177e+02,
    8.93477234e+02, 7.71160339e+02, 9.29965088e+02, 7.70440125e+02 ]
