%YAML:1.0
---
points: [ 1.98344025e+02, 1.87411255e+02, 2.11430252e+02, 1.87189941e+02,
    2.24228867e+02, 1.87070160e+02, 2.36795837e+02, 1.87019745e+02,
    2.49676987e+02, 1.86676376e+02, 2.62441986e+02, 1.86535538e+02,
    1.98694290e+02, 1.99965591e+02, 2.11727097e+02, 1.99835587e+02,
    2.24489792e+02, 1.99784851e+02, 2.37179596e+02, 1.99443176e+02,
    2.49726837e+02, 1.99234818e+02, 2.62550385e+02, 1.99094589e+02,
    1.99262863e+02, 2.12771011e+02, 2.12103943e+02, 2.12470993e+02,
    2.24730042e+02, 2.12213730e+02, 2.37317062e+02, 2.12085907e+02,
    2.49966797e+02, 2.11895111e+02, 2.62706451e+02, 2.11834793e+02,
    1.99519287e+02, 2.25151962e+02, 2.12366501e+02, 2.24955688e+02,
    2.25036987e+02, 2.24856354e+02, 2.37579483e+02, 2.24691513e+02,
    2.50208054e+02, 2.24465546e+02, 2.62894989e+02, 2.24110947e+02,
    1.99743698e+02, 2.37930984e+02, 2.12544830e+02, 2.37810577e+02,
    2.25273224e+02, 2.37462219e+02, 2.37792740e+02, 2.37261169e+02,
    2.50473236e+02, 2.37144165e+02, 2.63150940e+02, 2.36923431e+02,
    2.00037506e+02, 2.50489212e+02, 2.12789124e+02, 2.50094498e+02,
    2.25470932e+02, 2.49986984e+02, 2.38014114e+02, 2.49942276e+02,
    2.50666275e+02, 2.49730087e+02, 2.63364502e+02, 2.49360565e+02,
    2.00260117e+02, 2.62984558e+02, 2.13129532e+02, 2.62770264e+02,
    2.25647141e+02, 2.62469116e+02, 2.38304489e+02, 2.62240326e+02,
    2.50752304e+02, 2.62072998e+02, 2.63569336e+02, 2.61930634e+02,
    2.00538620e+02, 2.75618103e+02, 2.13457932e+02, 2.75053558e+02,
    2.25832840e+02, 2.74996338e+02, 2.38544601e+02, 2.74808289e+02,
    2.50956360e+02, 2.74464233e+02, 2.63727509e+02, 2.74184326e+02,
    2.00819916e+02, 2.88028687e+02, 2.13645538e+02, 2.87795227e+02,
    2.26079910e+02, 2.87383972e+02, 2.38696716e+02, 2.87091614e+02,
    2.51190613e+02, 2.86978607e+02, 2.63815552e+02, 2.86602875e+02 ]
