%YAML:1.0
---
points: [ 1.01662463e+03, 4.77720276e+02, 1.01714563e+03, 4.98032593e+02,
    1.01761212e+03, 5.18415649e+02, 1.01823615e+03, 5.39332214e+02,
    1.01868408e+03, 5.59987976e+02, 1.01926904e+03, 5.81667114e+02,
    9.94911743e+02, 4.78619598e+02, 9.95334167e+02, 4.98900757e+02,
    9.95652893e+02, 5.19283630e+02, 9.95972473e+02, 5.39971069e+02,
    9.96427551e+02, 5.60515320e+02, 9.96621582e+02, 5.82139771e+02,
    9.73268860e+02, 4.79506836e+02, 9.73431946e+02, 4.99678802e+02,
    9.73636292e+02, 5.19915466e+02, 9.73756226e+02, 5.40329834e+02,
    9.73888367e+02, 5.60784729e+02, 9.74187317e+02, 5.82492981e+02,
    9.51499146e+02, 4.80062378e+02, 9.51478577e+02, 5.00202576e+02,
    9.51532043e+02, 5.20351868e+02, 9.51603394e+02, 5.40625366e+02,
    9.51513489e+02, 5.61244873e+02, 9.51629028e+02, 5.82818726e+02,
    9.29512451e+02, 4.80320770e+02, 9.29447449e+02, 5.00685730e+02,
    9.29273376e+02, 5.20623718e+02, 9.29041687e+02, 5.41041077e+02,
    9.28782715e+02, 5.61555969e+02, 9.28713257e+02, 5.83317749e+02,
    9.07971558e+02, 4.80621735e+02, 9.07683044e+02, 5.01193665e+02,
    9.07362671e+02, 5.21074036e+02, 9.07000488e+02, 5.41252075e+02,
    9.06642822e+02, 5.62026733e+02, 9.06372253e+02, 5.83589417e+02,
    8.86251770e+02, 4.80926239e+02, 8.85967529e+02, 5.01576416e+02,
    8.85497864e+02, 5.21505249e+02, 8.84984192e+02, 5.41917419e+02,
    8.84445129e+02, 5.62500244e+02, 8.83848450e+02, 5.84028687e+02,
    8.64829407e+02, 4.81331329e+02, 8.64384766e+02, 5.01729797e+02,
    8.63680725e+02, 5.21882446e+02, 8.62943237e+02, 5.42252563e+02,
    8.62176331e+02, 5.63001221e+02, 8.61439819e+02, 5.84482544e+02,
    8.43434753e+02, 4.81764740e+02, 8.42616638e+02, 5.02156616e+02,
    8.41743042e+02, 5.22269470e+02, 8.40907959e+02, 5.42788025e+02,
    8.39917419e+02, 5.63446777e+02, 8.39272644e+02, 5.85183350e+02 ]
