%YAML:1.0
---
points: [ 1.28234436e+02, 1.85732590e+02, 1.49988464e+02, 1.85429626e+02,
    1.70156662e+02, 1.85549286e+02, 1.90013474e+02, 1.85605804e+02,
    2.09162399e+02, 1.85216888e+02, 2.28202042e+02, 1.85092697e+02,
    1.28939072e+02, 2.05837875e+02, 1.50185730e+02, 2.05320190e+02,
    1.70579910e+02, 2.04845169e+02, 1.90350296e+02, 2.04269730e+02,
    2.09653259e+02, 2.04038223e+02, 2.28452103e+02, 2.03608047e+02,
    1.29697632e+02, 2.25714661e+02, 1.50863632e+02, 2.24898209e+02,
    1.71037140e+02, 2.24166000e+02, 1.90663193e+02, 2.23547760e+02,
    2.10119186e+02, 2.22886871e+02, 2.28685745e+02, 2.22163773e+02,
    1.30136688e+02, 2.45317978e+02, 1.51196259e+02, 2.44413986e+02,
    1.71519531e+02, 2.43448929e+02, 1.91082458e+02, 2.42619965e+02,
    2.10352264e+02, 2.41735992e+02, 2.29204254e+02, 2.40800873e+02,
    1.30631775e+02, 2.65372620e+02, 1.51721359e+02, 2.64088928e+02,
    1.71747299e+02, 2.62967010e+02, 1.91499161e+02, 2.61813599e+02,
    2.10605759e+02, 2.60891449e+02, 2.29350952e+02, 2.59375305e+02,
    1.31114609e+02, 2.85052368e+02, 1.52178162e+02, 2.83405670e+02,
    1.72233002e+02, 2.82063904e+02, 1.91931839e+02, 2.80873901e+02,
    2.11067810e+02, 2.79418915e+02, 2.29751709e+02, 2.78255035e+02,
    1.31587387e+02, 3.04937347e+02, 1.52472946e+02, 3.03056549e+02,
    1.72615616e+02, 3.01418884e+02, 1.92270340e+02, 2.99927734e+02,
    2.11345047e+02, 2.98368805e+02, 2.30218369e+02, 2.96730194e+02,
    1.32143250e+02, 3.24668396e+02, 1.52844330e+02, 3.22387268e+02,
    1.72853714e+02, 3.20658875e+02, 1.92579758e+02, 3.18846069e+02,
    2.11608459e+02, 3.16996368e+02, 2.30535126e+02, 3.15281006e+02,
    1.32810715e+02, 3.43882629e+02, 1.53371689e+02, 3.41794983e+02,
    1.73425156e+02, 3.39870728e+02, 1.92747818e+02, 3.37781830e+02,
    2.09904770e+02, 3.34997131e+02, 2.30669022e+02, 3.33551849e+02 ]
