%YAML:1.0
---
points: [ 3.91279388e+02, 2.06958252e+02, 3.92273285e+02, 2.30132874e+02,
    3.93341797e+02, 2.52800186e+02, 3.94152618e+02, 2.76031921e+02,
    3.95360596e+02, 2.99605316e+02, 3.96009460e+02, 3.23288300e+02,
    3.67996063e+02, 2.07505508e+02, 3.68761963e+02, 2.30196762e+02,
    3.69619598e+02, 2.53051270e+02, 3.70702881e+02, 2.75909576e+02,
    3.71840118e+02, 2.99581177e+02, 3.72643402e+02, 3.23099304e+02,
    3.44844604e+02, 2.07968399e+02, 3.45552399e+02, 2.30622742e+02,
    3.46311768e+02, 2.53045746e+02, 3.47242584e+02, 2.76225494e+02,
    3.48378052e+02, 2.99359619e+02, 3.49121185e+02, 3.22996033e+02,
    3.22328430e+02, 2.08280090e+02, 3.22923096e+02, 2.30817581e+02,
    3.23515137e+02, 2.53207855e+02, 3.24376404e+02, 2.75949951e+02,
    3.25230774e+02, 2.99332642e+02, 3.25869080e+02, 3.22956482e+02,
    2.99564514e+02, 2.08876572e+02, 3.00161438e+02, 2.31100174e+02,
    3.00758698e+02, 2.53275299e+02, 3.01421234e+02, 2.76160583e+02,
    3.02032257e+02, 2.99265472e+02, 3.02657471e+02, 3.22675079e+02,
    2.77535645e+02, 2.09127228e+02, 2.77967346e+02, 2.31245285e+02,
    2.78385193e+02, 2.53572113e+02, 2.78856659e+02, 2.76060394e+02,
    2.79322906e+02, 2.99193878e+02, 2.79672455e+02, 3.22666443e+02,
    2.55732544e+02, 2.09106400e+02, 2.56169678e+02, 2.31733017e+02,
    2.56324341e+02, 2.53701920e+02, 2.56676727e+02, 2.76039246e+02,
    2.56744476e+02, 2.99129303e+02, 2.57063721e+02, 3.22580200e+02,
    2.33959152e+02, 2.09650940e+02, 2.34370972e+02, 2.31882431e+02,
    2.34227585e+02, 2.53792374e+02, 2.34515442e+02, 2.76281006e+02,
    2.34574966e+02, 2.99100830e+02, 2.34634476e+02, 3.22415070e+02,
    2.12690964e+02, 2.10179306e+02, 2.12705688e+02, 2.32036789e+02,
    2.12530334e+02, 2.54122330e+02, 2.12506317e+02, 2.76452209e+02,
    2.12533661e+02, 2.99253174e+02, 2.12543381e+02, 3.22255280e+02 ]
