%YAML:1.0
---
points: [ 1.00825720e+03, 4.58689636e+02, 1.00883588e+03, 4.80501923e+02,
    1.00952301e+03, 5.02083313e+02, 1.01036945e+03, 5.23521057e+02,
    1.01091443e+03, 5.44797058e+02, 1.01164178e+03, 5.66348633e+02,
    9.87209595e+02, 4.59533844e+02, 9.87935181e+02, 4.81147095e+02,
    9.88714172e+02, 5.02516418e+02, 9.89422607e+02, 5.23864258e+02,
    9.89967773e+02, 5.45219482e+02, 9.90722717e+02, 5.66484558e+02,
    9.66426086e+02, 4.60203979e+02, 9.67164246e+02, 4.81693909e+02,
    9.67999939e+02, 5.02952667e+02, 9.68612915e+02, 5.24354187e+02,
    9.69106445e+02, 5.45527100e+02, 9.70035339e+02, 5.66817627e+02,
    9.45709900e+02, 4.60882599e+02, 9.46538208e+02, 4.82334625e+02,
    9.47326172e+02, 5.03563904e+02, 9.47907410e+02, 5.24747070e+02,
    9.48465637e+02, 5.45893799e+02, 9.49374451e+02, 5.67115662e+02,
    9.24890686e+02, 4.61645111e+02, 9.25789612e+02, 4.83025116e+02,
    9.26515015e+02, 5.04084442e+02, 9.27166260e+02, 5.25239624e+02,
    9.27618652e+02, 5.46270081e+02, 9.28597656e+02, 5.67314575e+02,
    9.04568542e+02, 4.62310516e+02, 9.05515015e+02, 4.83587524e+02,
    9.06122742e+02, 5.04643799e+02, 9.06694702e+02, 5.25669556e+02,
    9.07404114e+02, 5.46597534e+02, 9.08296570e+02, 5.67647583e+02,
    8.84078857e+02, 4.63210846e+02, 8.85290894e+02, 4.84391724e+02,
    8.85787781e+02, 5.05271698e+02, 8.86593506e+02, 5.26189575e+02,
    8.87234253e+02, 5.46945496e+02, 8.88176331e+02, 5.67865173e+02,
    8.64213257e+02, 4.64003357e+02, 8.65229797e+02, 4.84972870e+02,
    8.65853516e+02, 5.05850220e+02, 8.66671326e+02, 5.26580627e+02,
    8.67555542e+02, 5.47303528e+02, 8.68462646e+02, 5.68283752e+02,
    8.44375122e+02, 4.64595947e+02, 8.45230286e+02, 4.85638885e+02,
    8.46076172e+02, 5.06388062e+02, 8.47105164e+02, 5.27052673e+02,
    8.47842529e+02, 5.47685120e+02, 8.49042114e+02, 5.68324646e+02 ]
