%YAML:1.0
---
points: [ 5.14307434e+02, 4.76551697e+02, 5.76261353e+02, 4.76604462e+02,
    6.36019531e+02, 4.76734650e+02, 6.93882874e+02, 4.76850128e+02,
    7.50209412e+02, 4.76839142e+02, 8.05644226e+02, 4.76975189e+02,
    5.15733398e+02, 5.33780945e+02, 5.77593628e+02, 5.33301270e+02,
    6.37124573e+02, 5.32563721e+02, 6.94706970e+02, 5.31852173e+02,
    7.50787598e+02, 5.31263367e+02, 8.06245300e+02, 5.30629761e+02,
    5.17196350e+02, 5.91003784e+02, 5.78780273e+02, 5.89429077e+02,
    6.38103943e+02, 5.88033508e+02, 6.95509521e+02, 5.86843567e+02,
    7.51536255e+02, 5.85745605e+02, 8.06640381e+02, 5.84388184e+02,
    5.18070496e+02, 6.47983643e+02, 5.79669067e+02, 6.45575684e+02,
    6.38590576e+02, 6.43634460e+02, 6.96162720e+02, 6.41620544e+02,
    7.52304138e+02, 6.39941956e+02, 8.07246704e+02, 6.37899414e+02,
    5.18795227e+02, 7.05660156e+02, 5.80453796e+02, 7.02402344e+02,
    6.39333191e+02, 6.99777039e+02, 6.96713135e+02, 6.97120483e+02,
    7.52818848e+02, 6.94867798e+02, 8.07716553e+02, 6.91858582e+02,
    5.19428162e+02, 7.62467651e+02, 5.81194885e+02, 7.58466248e+02,
    6.39770813e+02, 7.55227112e+02, 6.97318604e+02, 7.52033630e+02,
    7.53412170e+02, 7.48827148e+02, 8.08376099e+02, 7.45317993e+02,
    5.20373779e+02, 8.19455383e+02, 5.81628662e+02, 8.14500305e+02,
    6.40390564e+02, 8.10855774e+02, 6.97738953e+02, 8.06715820e+02,
    7.53811768e+02, 8.02847046e+02, 8.08875671e+02, 7.98645630e+02,
    5.20994690e+02, 8.76471191e+02, 5.82307800e+02, 8.70728394e+02,
    6.40983826e+02, 8.66032471e+02, 6.98301819e+02, 8.61298340e+02,
    7.54315918e+02, 8.56509521e+02, 8.09363770e+02, 8.51914124e+02,
    5.22112244e+02, 9.33066650e+02, 5.82700623e+02, 9.27047424e+02,
    6.41625122e+02, 9.21614868e+02, 6.98791809e+02, 9.15942200e+02,
    7.54676331e+02, 9.10484375e+02, 8.09518921e+02, 9.04360840e+02 ]
