%YAML:1.0
---
points: [ 7.36182983e+02, 4.79026917e+02, 7.85233765e+02, 4.78504242e+02,
    8.35231689e+02, 4.78125732e+02, 8.86611511e+02, 4.77776184e+02,
    9.38451599e+02, 4.77179077e+02, 9.92676208e+02, 4.76745056e+02,
    7.35590271e+02, 5.30767517e+02, 7.85195251e+02, 5.30848083e+02,
    8.35188904e+02, 5.31102478e+02, 8.86319275e+02, 5.31206421e+02,
    9.37845398e+02, 5.31244446e+02, 9.92226013e+02, 5.31625854e+02,
    7.35249390e+02, 5.82754028e+02, 7.84788086e+02, 5.83496887e+02,
    8.34586243e+02, 5.84313416e+02, 8.85284729e+02, 5.85215515e+02,
    9.37039734e+02, 5.85836487e+02, 9.91597473e+02, 5.86682068e+02,
    7.34065735e+02, 6.34963501e+02, 7.83747437e+02, 6.36220764e+02,
    8.33507507e+02, 6.37688354e+02, 8.84370422e+02, 6.39182068e+02,
    9.36239929e+02, 6.40581970e+02, 9.91000427e+02, 6.42049561e+02,
    7.32575500e+02, 6.88156067e+02, 7.82506958e+02, 690., 8.32401917e+02,
    6.91966919e+02, 8.83272522e+02, 6.94128784e+02, 9.35381226e+02,
    6.96463257e+02, 9.90404968e+02, 6.98375977e+02, 7.31069885e+02,
    7.40976929e+02, 7.81449158e+02, 7.43396484e+02, 8.31142273e+02,
    7.45988098e+02, 8.82014648e+02, 7.49056763e+02, 9.34560486e+02,
    7.51793884e+02, 9.89626709e+02, 7.54637085e+02, 7.29366882e+02,
    7.94461426e+02, 7.79998535e+02, 7.97275818e+02, 8.29817627e+02,
    8.00796082e+02, 8.81316589e+02, 8.04133667e+02, 9.33902222e+02,
    8.07792236e+02, 9.89141724e+02, 8.11398926e+02, 7.27613831e+02,
    8.48446716e+02, 7.78423035e+02, 8.51507935e+02, 8.28584961e+02,
    8.55674072e+02, 8.80384827e+02, 8.59833862e+02, 9.33359802e+02,
    8.63978027e+02, 9.88515259e+02, 8.68291443e+02, 7.26588135e+02,
    9.02442810e+02, 7.76721985e+02, 9.06656799e+02, 8.27430847e+02,
    9.11415894e+02, 8.79513977e+02, 9.15937195e+02, 9.32734375e+02,
    9.20676575e+02, 9.88381104e+02, 9.24960632e+02 ]
