%YAML:1.0
---
points: [ 9.00752808e+02, 5.19023926e+02, 9.00481445e+02, 5.43230164e+02,
    9.00266724e+02, 5.67558350e+02, 9.00126160e+02, 5.92774902e+02,
    8.99746948e+02, 6.17840576e+02, 8.99400085e+02, 6.44308167e+02,
    8.75092407e+02, 5.19929993e+02, 8.74593628e+02, 5.44243774e+02,
    8.74144409e+02, 5.68716309e+02, 8.73624146e+02, 5.93479675e+02,
    8.72924866e+02, 6.18430298e+02, 8.72327332e+02, 6.44630615e+02,
    8.49390015e+02, 5.20867126e+02, 8.48661865e+02, 5.45109985e+02,
    8.47937195e+02, 5.69452515e+02, 8.47102844e+02, 5.93850891e+02,
    8.45981506e+02, 6.18710449e+02, 8.45223328e+02, 6.45129578e+02,
    8.23588440e+02, 5.21426331e+02, 8.22679565e+02, 5.45480652e+02,
    8.21649231e+02, 5.69751648e+02, 8.20476440e+02, 5.94255493e+02,
    8.19115051e+02, 6.19196228e+02, 8.18232788e+02, 6.45495972e+02,
    7.97523010e+02, 5.21740112e+02, 7.96411377e+02, 5.45940125e+02,
    7.95108398e+02, 5.70201233e+02, 7.93559082e+02, 5.94642151e+02,
    7.91945007e+02, 6.19479065e+02, 7.90750122e+02, 6.46040588e+02,
    7.71779480e+02, 5.22101318e+02, 7.70494202e+02, 5.46413391e+02,
    7.68864563e+02, 5.70535156e+02, 7.66968140e+02, 5.94876282e+02,
    7.65229797e+02, 6.20011902e+02, 7.63614868e+02, 6.46298462e+02,
    7.45798584e+02, 5.22399475e+02, 7.44410278e+02, 5.46675415e+02,
    7.42557739e+02, 5.70834045e+02, 7.40474548e+02, 5.95613464e+02,
    7.38486938e+02, 6.20543396e+02, 7.36475403e+02, 6.46683228e+02,
    7.20197937e+02, 5.22676941e+02, 7.18384460e+02, 5.47007935e+02,
    7.16269226e+02, 5.71328735e+02, 7.13915894e+02, 5.95886536e+02,
    7.11784851e+02, 6.21170715e+02, 7.09624695e+02, 6.48784729e+02,
    6.94542786e+02, 5.23228577e+02, 6.92248840e+02, 5.47362061e+02,
    6.89881653e+02, 5.71537048e+02, 6.87373169e+02, 5.96465698e+02,
    6.84947693e+02, 6.21637024e+02, 6.82554504e+02, 6.50915527e+02 ]
