%YAML:1.0
---
points: [ 2.55190659e+02, 2.05227112e+02, 2.56413391e+02, 2.24037949e+02,
    2.57497070e+02, 2.42618378e+02, 2.58373810e+02, 2.61486481e+02,
    2.59684143e+02, 2.80502655e+02, 2.60685791e+02, 3.00434265e+02,
    2.37209686e+02, 2.06029297e+02, 2.38108902e+02, 2.24813080e+02,
    2.39160583e+02, 2.43778214e+02, 2.40277542e+02, 2.62781158e+02,
    2.41400894e+02, 2.82265625e+02, 2.42489517e+02, 3.02234589e+02,
    2.18572571e+02, 2.06728210e+02, 2.19575607e+02, 2.25781174e+02,
    2.20455353e+02, 2.44828720e+02, 2.21428787e+02, 2.64232483e+02,
    2.22539108e+02, 2.83972229e+02, 2.23394882e+02, 3.04103577e+02,
    1.99648071e+02, 2.07172348e+02, 2.00413849e+02, 2.26640747e+02,
    2.01242340e+02, 2.46128204e+02, 2.02175705e+02, 2.65651154e+02,
    2.03138657e+02, 2.85828033e+02, 2.03663116e+02, 3.06258881e+02,
    1.79799805e+02, 2.07941696e+02, 1.80382111e+02, 2.27709869e+02,
    1.81243195e+02, 2.47155548e+02, 1.82050980e+02, 2.67269043e+02,
    1.82605804e+02, 2.87677246e+02, 1.83453125e+02, 3.08403992e+02,
    1.59600128e+02, 2.08541168e+02, 1.60247406e+02, 2.28621826e+02,
    1.60871780e+02, 2.48718414e+02, 1.61414032e+02, 2.68834717e+02,
    1.61935043e+02, 2.89560455e+02, 1.62450256e+02, 3.10779175e+02,
    1.38772003e+02, 2.08727768e+02, 1.39198074e+02, 2.29669937e+02,
    1.39666351e+02, 2.49945343e+02, 1.40052063e+02, 2.70469604e+02,
    1.40545303e+02, 2.91548431e+02, 1.40975128e+02, 3.13113739e+02,
    1.16867416e+02, 2.09697464e+02, 1.17496605e+02, 2.30576843e+02,
    1.17299362e+02, 2.51170303e+02, 1.18179924e+02, 2.72256958e+02,
    1.18379578e+02, 2.93553986e+02, 1.18878479e+02, 3.15340179e+02,
    9.51524429e+01, 2.10596191e+02, 9.52101669e+01, 2.31524902e+02,
    9.53029251e+01, 2.52705475e+02, 9.55863724e+01, 2.73904755e+02,
    9.58872147e+01, 2.95551605e+02, 9.63359299e+01, 3.17449249e+02 ]
