%YAML:1.0
---
points: [ 2.03054749e+02, 1.86068115e+02, 2.20393555e+02, 1.85654022e+02,
    2.38006271e+02, 1.85257156e+02, 2.56046692e+02, 1.85096069e+02,
    2.74274841e+02, 1.84575211e+02, 2.93468964e+02, 1.84301834e+02,
    2.03202576e+02, 2.03942322e+02, 2.20452057e+02, 2.03884186e+02,
    2.38239761e+02, 2.03698975e+02, 2.56080688e+02, 2.03471603e+02,
    2.74317261e+02, 2.03410873e+02, 2.93677979e+02, 2.02892349e+02,
    2.03273712e+02, 2.21929626e+02, 2.20706528e+02, 2.22015549e+02,
    2.38212296e+02, 2.22062973e+02, 2.56146484e+02, 2.22213562e+02,
    2.74290344e+02, 2.22160278e+02, 2.94129883e+02, 2.22019638e+02,
    2.02990280e+02, 2.39939056e+02, 2.20486252e+02, 2.40172104e+02,
    2.38188522e+02, 2.40563431e+02, 2.55867508e+02, 2.41000107e+02,
    2.74300873e+02, 2.41261932e+02, 2.93593323e+02, 2.41441833e+02,
    2.02615082e+02, 2.58483795e+02, 2.20506958e+02, 2.59093506e+02,
    2.37771286e+02, 2.59408386e+02, 2.55917709e+02, 2.59922180e+02,
    2.74329041e+02, 2.60652191e+02, 2.93658722e+02, 2.60996033e+02,
    2.02487518e+02, 2.76934723e+02, 2.20292007e+02, 2.77370087e+02,
    2.37620850e+02, 2.78167267e+02, 2.55777679e+02, 2.79119232e+02,
    2.74363708e+02, 2.79898010e+02, 2.93791138e+02, 2.80786957e+02,
    2.02065567e+02, 2.95337189e+02, 2.19867767e+02, 2.96306824e+02,
    2.37672546e+02, 2.97221191e+02, 2.55740311e+02, 2.98288300e+02,
    2.74428955e+02, 2.99421539e+02, 2.93924072e+02, 3.00425598e+02,
    2.01606064e+02, 3.14463562e+02, 2.19654877e+02, 3.15142365e+02,
    2.37449829e+02, 3.16434906e+02, 2.55754440e+02, 3.17672241e+02,
    2.74496246e+02, 3.18935272e+02, 2.94005402e+02, 3.20264709e+02,
    2.02636154e+02, 3.32916290e+02, 2.19424347e+02, 3.34228790e+02,
    2.37304276e+02, 3.35823547e+02, 2.55676559e+02, 3.37164917e+02,
    2.74633606e+02, 3.38702698e+02, 2.94218811e+02, 3.40076263e+02 ]
