%YAML:1.0
---
points: [ 2.81968292e+02, 2.02267670e+02, 2.81734070e+02, 2.17341095e+02,
    2.81503479e+02, 2.32670685e+02, 2.81282867e+02, 2.47925705e+02,
    2.81086792e+02, 2.63361572e+02, 2.80768951e+02, 2.79157104e+02,
    2.67575134e+02, 2.02370728e+02, 2.67302856e+02, 2.17464294e+02,
    2.66924408e+02, 2.32421463e+02, 2.66723389e+02, 2.47429672e+02,
    2.66210602e+02, 2.62822327e+02, 2.65915924e+02, 2.78309235e+02,
    2.53395737e+02, 2.02697647e+02, 2.52981934e+02, 2.17494492e+02,
    2.52670715e+02, 2.32111664e+02, 2.52247314e+02, 2.47078827e+02,
    2.51658859e+02, 2.62163055e+02, 2.51422287e+02, 2.77750183e+02,
    2.39547943e+02, 2.02791809e+02, 2.39155762e+02, 2.17352951e+02,
    2.38586456e+02, 2.31999496e+02, 2.38024521e+02, 2.46760391e+02,
    2.37378067e+02, 2.61776703e+02, 2.37115570e+02, 2.76997040e+02,
    2.25612747e+02, 2.02897995e+02, 2.25191925e+02, 2.17351776e+02,
    2.24589981e+02, 2.31846359e+02, 2.24058762e+02, 2.46367813e+02,
    2.23309189e+02, 2.61122498e+02, 2.22885071e+02, 2.76239349e+02,
    2.12196106e+02, 2.02900955e+02, 2.11823029e+02, 2.17251450e+02,
    2.11095627e+02, 2.31689545e+02, 2.10367783e+02, 2.46044479e+02,
    2.09588531e+02, 2.60762238e+02, 2.09151306e+02, 2.75723083e+02,
    1.98986923e+02, 2.02897995e+02, 1.98454697e+02, 2.17213226e+02,
    1.97763000e+02, 2.31450378e+02, 1.97114517e+02, 2.45823288e+02,
    1.96312912e+02, 2.60127258e+02, 1.95612030e+02, 2.75014038e+02,
    1.85815292e+02, 2.03067642e+02, 1.85587936e+02, 2.17254364e+02,
    1.84746033e+02, 2.31256241e+02, 1.84042313e+02, 2.45466324e+02,
    1.83292526e+02, 2.59843842e+02, 1.82568192e+02, 2.74519623e+02,
    1.73347610e+02, 2.03219284e+02, 1.72678375e+02, 2.17076569e+02,
    1.71889526e+02, 2.31019547e+02, 1.71314392e+02, 2.45042603e+02,
    1.70454987e+02, 2.59307861e+02, 1.69756821e+02, 2.73877441e+02 ]
