%YAML:1.0
---
points: [ 6.07007324e+02, 5.20218140e+02, 6.09954590e+02, 5.55346252e+02,
    6.12635376e+02, 5.90979309e+02, 6.15170959e+02, 6.27262085e+02,
    6.18166321e+02, 6.63623962e+02, 6.20831421e+02, 7.01605530e+02,
    5.68634583e+02, 5.21279785e+02, 5.70949646e+02, 5.57121216e+02,
    5.73463684e+02, 5.93187500e+02, 5.75953186e+02, 6.29751221e+02,
    5.78590271e+02, 6.66812622e+02, 5.80950256e+02, 7.05580627e+02,
    5.28678284e+02, 5.22518494e+02, 5.30885193e+02, 5.58973633e+02,
    5.32950012e+02, 5.95607605e+02, 5.35232910e+02, 6.32685547e+02,
    5.37693298e+02, 6.70354126e+02, 5.39475403e+02, 7.09550842e+02,
    4.87585754e+02, 5.23268311e+02, 4.89473572e+02, 5.60335205e+02,
    4.91371429e+02, 5.97541077e+02, 4.93012451e+02, 6.35247070e+02,
    4.95210480e+02, 6.73648926e+02, 4.96699951e+02, 7.13745728e+02,
    4.44570190e+02, 5.23746826e+02, 4.45880676e+02, 5.61669678e+02,
    4.47387054e+02, 5.99495789e+02, 4.48881195e+02, 6.38107239e+02,
    4.50278381e+02, 6.77249451e+02, 4.51744019e+02, 7.18358459e+02,
    4.00493439e+02, 5.24440491e+02, 4.01513397e+02, 5.63246155e+02,
    4.02510376e+02, 6.01687988e+02, 4.03457214e+02, 6.40762024e+02,
    4.04663177e+02, 6.81100403e+02, 4.05608917e+02, 7.22713623e+02,
    3.54607330e+02, 5.25131897e+02, 3.55265930e+02, 5.64697205e+02,
    3.55810608e+02, 6.03846985e+02, 3.56367035e+02, 6.44237854e+02,
    3.56994659e+02, 6.85028748e+02, 3.57693939e+02, 7.27487549e+02,
    3.07272919e+02, 5.25575623e+02, 3.07473267e+02, 5.66087891e+02,
    3.07575592e+02, 6.06151123e+02, 3.07727173e+02, 6.47143188e+02,
    3.07839783e+02, 6.88858948e+02, 3.07872009e+02, 7.32370239e+02,
    2.58412109e+02, 5.26793457e+02, 2.58172150e+02, 5.67438171e+02,
    2.57666199e+02, 6.08485718e+02, 2.57367737e+02, 6.50315857e+02,
    2.56929993e+02, 6.93029907e+02, 2.56832764e+02, 7.37505371e+02 ]
