%YAML:1.0
---
points: [ 1.34067398e+02, 1.87655396e+02, 1.51170731e+02, 1.87393723e+02,
    1.68187119e+02, 1.87198120e+02, 1.85103119e+02, 1.87097504e+02,
    2.01840805e+02, 1.86719955e+02, 2.19103241e+02, 1.86844818e+02,
    1.34006439e+02, 2.04524933e+02, 1.51160416e+02, 2.04269226e+02,
    1.68317703e+02, 2.03973465e+02, 1.85147614e+02, 2.03809250e+02,
    2.01924667e+02, 2.03625168e+02, 2.19148697e+02, 2.03272247e+02,
    1.33835205e+02, 2.21432251e+02, 1.51202972e+02, 2.21023590e+02,
    1.68108490e+02, 2.20944794e+02, 1.85072693e+02, 2.20819275e+02,
    2.01722427e+02, 2.20440979e+02, 2.19217957e+02, 2.19977295e+02,
    1.33331619e+02, 2.38414780e+02, 1.50831680e+02, 2.38114044e+02,
    1.67871262e+02, 2.38024445e+02, 1.84723160e+02, 2.37892395e+02,
    2.01706375e+02, 2.37655426e+02, 2.19396423e+02, 2.37546555e+02,
    1.33101196e+02, 2.55843582e+02, 1.50511047e+02, 2.55797089e+02,
    1.67433929e+02, 2.55401596e+02, 1.84567963e+02, 2.55035950e+02,
    2.01622452e+02, 2.55091309e+02, 2.19228638e+02, 2.54797882e+02,
    1.32590637e+02, 2.73125122e+02, 1.50268845e+02, 2.72905579e+02,
    1.67311768e+02, 2.72857391e+02, 1.84441544e+02, 2.72732483e+02,
    2.01584076e+02, 2.72408600e+02, 2.19202835e+02, 2.72208679e+02,
    1.32024384e+02, 2.90860443e+02, 1.49704758e+02, 2.90729462e+02,
    1.67011627e+02, 2.90491821e+02, 1.84299698e+02, 2.90221313e+02,
    2.01534180e+02, 2.90105042e+02, 2.19186600e+02, 2.90068817e+02,
    1.31612122e+02, 3.08779449e+02, 1.49512192e+02, 3.08310883e+02,
    1.66519455e+02, 3.08235138e+02, 1.84092697e+02, 3.08140442e+02,
    2.01436111e+02, 3.08030487e+02, 2.19064102e+02, 3.08018066e+02,
    1.31524307e+02, 3.26327789e+02, 1.48936615e+02, 3.26191101e+02,
    1.66439819e+02, 3.26160278e+02, 1.83876678e+02, 3.26118958e+02,
    2.01419724e+02, 3.26045105e+02, 2.19234451e+02, 3.25917511e+02 ]
