%YAML:1.0
---
points: [ 5.42717468e+02, 4.81820374e+02, 5.91528381e+02, 4.81699677e+02,
    6.40314941e+02, 4.81622345e+02, 6.89181396e+02, 4.81734924e+02,
    7.37385498e+02, 4.81515961e+02, 7.86459900e+02, 4.81553406e+02,
    5.41563171e+02, 5.30196289e+02, 5.91017578e+02, 5.30204468e+02,
    6.39805603e+02, 5.30174683e+02, 6.88505981e+02, 5.30064209e+02,
    7.36563904e+02, 5.29730652e+02, 7.85841919e+02, 5.29801392e+02,
    5.40612183e+02, 5.79134460e+02, 5.90214905e+02, 5.78932190e+02,
    6.38831787e+02, 5.78970093e+02, 6.87208435e+02, 5.78780090e+02,
    7.35489441e+02, 5.78583435e+02, 7.85303284e+02, 5.78667053e+02,
    5.38951233e+02, 6.28074280e+02, 5.88509155e+02, 6.28003601e+02,
    6.37487244e+02, 6.27921326e+02, 6.85905151e+02, 6.27863342e+02,
    7.34372253e+02, 6.27818298e+02, 7.84579407e+02, 6.27849365e+02,
    5.36675110e+02, 6.78194092e+02, 5.86796387e+02, 6.78172913e+02,
    6.35672607e+02, 6.78048706e+02, 6.84750610e+02, 6.78054077e+02,
    7.33531067e+02, 6.78171204e+02, 7.83856018e+02, 6.78107239e+02,
    5.34357910e+02, 7.28349670e+02, 5.85165161e+02, 7.28175720e+02,
    6.33992371e+02, 7.28259827e+02, 6.83187866e+02, 7.28367249e+02,
    7.32575012e+02, 7.28461853e+02, 7.82831116e+02, 7.28454773e+02,
    5.32304138e+02, 7.78994507e+02, 5.83096069e+02, 7.78827209e+02,
    6.32504517e+02, 7.78998718e+02, 6.81928223e+02, 7.79117493e+02,
    7.31622253e+02, 7.79318909e+02, 7.82075073e+02, 7.79318420e+02,
    5.29631348e+02, 8.30279541e+02, 5.81045288e+02, 8.29808472e+02,
    6.30658264e+02, 8.30052673e+02, 6.80640625e+02, 8.30251648e+02,
    7.30570312e+02, 8.30385620e+02, 7.81357178e+02, 8.30534546e+02,
    5.28007202e+02, 8.81705383e+02, 5.78852173e+02, 8.81691406e+02,
    6.28822510e+02, 8.81936829e+02, 6.79320374e+02, 8.82073364e+02,
    7.29436218e+02, 8.82281555e+02, 7.80792908e+02, 8.81909546e+02 ]
