%YAML:1.0
---
points: [ 5.87651917e+02, 5.76422302e+02, 6.36543518e+02, 5.40415771e+02,
    6.84070679e+02, 5.05626556e+02, 7.30517761e+02, 4.72215118e+02,
    7.75597473e+02, 4.38436218e+02, 8.20624512e+02, 4.05867767e+02,
    6.22368713e+02, 6.21407043e+02, 6.71403809e+02, 5.84889893e+02,
    7.18686584e+02, 5.49615356e+02, 7.64766113e+02, 5.15012390e+02,
    8.09765381e+02, 4.80440704e+02, 8.54750671e+02, 4.47328644e+02,
    6.57567200e+02, 6.67131287e+02, 7.06470459e+02, 6.29801880e+02,
    7.53538635e+02, 5.93726624e+02, 7.99511658e+02, 5.58232239e+02,
    8.44546204e+02, 5.22990601e+02, 8.89464661e+02, 4.89197968e+02,
    6.92674072e+02, 7.13325989e+02, 7.41578613e+02, 6.75111389e+02,
    7.88628906e+02, 6.38295593e+02, 8.34636963e+02, 6.01989136e+02,
    8.79742310e+02, 5.66314880e+02, 9.24675903e+02, 5.31700439e+02,
    7.28692322e+02, 7.60728699e+02, 7.77755127e+02, 7.21766541e+02,
    8.24775696e+02, 6.84139648e+02, 8.70813904e+02, 6.47161072e+02,
    9.16121765e+02, 6.10679382e+02, 9.60929810e+02, 5.75434570e+02,
    7.64877502e+02, 8.08615295e+02, 8.13950562e+02, 7.68686279e+02,
    8.60980164e+02, 7.30273743e+02, 9.07232910e+02, 6.92483704e+02,
    9.52477356e+02, 6.55467529e+02, 9.97434387e+02, 6.19093689e+02,
    8.01829712e+02, 8.57531555e+02, 8.50883545e+02, 8.16558960e+02,
    8.98144409e+02, 7.77285217e+02, 9.44316284e+02, 7.38744873e+02,
    9.89580261e+02, 7.01029907e+02, 1.03446240e+03, 6.63818970e+02,
    8.39318604e+02, 9.07480286e+02, 8.88382996e+02, 8.65358582e+02,
    9.35570557e+02, 8.25155640e+02, 9.81805725e+02, 7.85742065e+02,
    1.02704236e+03, 7.47258362e+02, 1.07191675e+03, 7.09247620e+02,
    8.77735962e+02, 9.58152832e+02, 9.26644348e+02, 9.15326538e+02,
    9.73943054e+02, 8.74064026e+02, 1.02019781e+03, 8.33750549e+02,
    1.06540979e+03, 7.94439697e+02, 1.10975122e+03, 7.55599976e+02 ]
