%YAML:1.0
---
points: [ 7.48572815e+02, 5.19969238e+02, 7.49824890e+02, 5.54836914e+02,
    7.51240723e+02, 5.90478455e+02, 7.52724182e+02, 6.26497742e+02,
    7.54243530e+02, 6.62885315e+02, 7.55486206e+02, 7.01025452e+02,
    7.11735901e+02, 5.20774231e+02, 7.12647339e+02, 5.56180054e+02,
    7.13756226e+02, 5.92045410e+02, 7.14852783e+02, 6.28308594e+02,
    7.16064331e+02, 6.65038696e+02, 7.16963013e+02, 7.03269165e+02,
    6.74237549e+02, 5.21852112e+02, 6.74909790e+02, 5.57420105e+02,
    6.75558472e+02, 5.93374939e+02, 6.76236633e+02, 6.29763611e+02,
    6.76995911e+02, 6.66888245e+02, 6.77439270e+02, 7.05780579e+02,
    6.36022217e+02, 5.22457336e+02, 6.36362854e+02, 5.58446045e+02,
    6.36674438e+02, 5.94570862e+02, 6.36950073e+02, 6.31451416e+02,
    6.37190674e+02, 6.69047974e+02, 6.37393433e+02, 7.08273315e+02,
    5.96409302e+02, 5.22787048e+02, 5.96450012e+02, 5.59411255e+02,
    5.96307190e+02, 5.95863098e+02, 5.96173645e+02, 6.33178528e+02,
    5.95821045e+02, 6.71072998e+02, 5.95725464e+02, 7.10835693e+02,
    5.56385193e+02, 5.23252319e+02, 5.56086121e+02, 5.60342529e+02,
    5.55464355e+02, 5.97095520e+02, 5.54767395e+02, 6.34633972e+02,
    5.54326172e+02, 6.73162109e+02, 5.53704407e+02, 7.13389771e+02,
    5.15533203e+02, 5.23595886e+02, 5.14737854e+02, 5.61125549e+02,
    5.13679077e+02, 5.98374023e+02, 5.12682129e+02, 6.36551941e+02,
    5.11582031e+02, 6.75530151e+02, 5.10582031e+02, 7.16144897e+02,
    4.73765961e+02, 5.23898315e+02, 4.72618225e+02, 5.61910706e+02,
    4.71079834e+02, 5.99708984e+02, 4.69789612e+02, 6.38435303e+02,
    4.68284912e+02, 6.77815491e+02, 4.66555115e+02, 7.18673767e+02,
    4.31108032e+02, 5.24639160e+02, 4.29390381e+02, 5.62662720e+02,
    4.27623718e+02, 6.01075195e+02, 4.25713501e+02, 6.40211304e+02,
    4.23619324e+02, 6.80308228e+02, 4.22145996e+02, 7.21828064e+02 ]
