%YAML:1.0
---
points: [ 1.54523468e+02, 2.20250702e+02, 1.71336472e+02, 2.07509369e+02,
    1.87438583e+02, 1.95382446e+02, 2.03197906e+02, 1.83704865e+02,
    2.18387833e+02, 1.71785660e+02, 2.33701660e+02, 1.60371460e+02,
    1.67051743e+02, 2.35701569e+02, 1.83718185e+02, 2.22973389e+02,
    1.99808746e+02, 2.10404572e+02, 2.15264984e+02, 1.98311966e+02,
    2.30673370e+02, 1.86286514e+02, 2.45711502e+02, 1.74477539e+02,
    1.79626999e+02, 2.51444000e+02, 1.96241989e+02, 2.38283981e+02,
    2.12098526e+02, 2.25734772e+02, 2.27820953e+02, 2.13201080e+02,
    2.43014542e+02, 2.00798279e+02, 2.58145630e+02, 1.89018036e+02,
    1.92222153e+02, 2.67290283e+02, 2.08696854e+02, 2.53981628e+02,
    2.24798050e+02, 2.40925323e+02, 2.40221481e+02, 2.28279938e+02,
    2.55558365e+02, 2.15641479e+02, 2.70719360e+02, 2.03585220e+02,
    2.05132736e+02, 2.83875519e+02, 2.21849533e+02, 2.69950836e+02,
    2.37540604e+02, 2.56875092e+02, 2.53154602e+02, 2.43670761e+02,
    2.68560852e+02, 2.31052277e+02, 2.83556702e+02, 2.18541962e+02,
    2.18075195e+02, 3.00297668e+02, 2.34756866e+02, 2.85946594e+02,
    2.50553925e+02, 2.72505035e+02, 2.66282959e+02, 2.59320221e+02,
    2.81431427e+02, 2.46246506e+02, 2.96716888e+02, 2.33679413e+02,
    2.31477646e+02, 3.17091614e+02, 2.47862015e+02, 3.02598389e+02,
    2.63839905e+02, 2.88871216e+02, 2.79356476e+02, 2.75287720e+02,
    2.94834167e+02, 2.62094879e+02, 3.10010559e+02, 2.48924332e+02,
    2.44896606e+02, 3.34509674e+02, 2.61347107e+02, 3.19633972e+02,
    2.77347473e+02, 3.05496521e+02, 2.93018921e+02, 2.91577484e+02,
    3.08333618e+02, 2.78105560e+02, 3.23542542e+02, 2.64703369e+02,
    2.58625763e+02, 3.51881775e+02, 2.75113373e+02, 3.36812408e+02,
    2.91208496e+02, 3.22340790e+02, 3.06808960e+02, 3.08278687e+02,
    3.22120544e+02, 2.94401123e+02, 3.37177063e+02, 2.80758698e+02 ]
