%YAML:1.0
---
points: [ 3.74654480e+02, 2.05790833e+02, 3.77784698e+02, 2.27808365e+02,
    3.80478516e+02, 2.49424377e+02, 3.82955902e+02, 2.71685913e+02,
    3.86337372e+02, 2.93867371e+02, 3.88916870e+02, 3.16871429e+02,
    3.57679901e+02, 2.06951294e+02, 3.60337036e+02, 2.29141693e+02,
    3.63209503e+02, 2.51613876e+02, 3.66101349e+02, 2.74179688e+02,
    3.69750671e+02, 2.97347839e+02, 3.72324219e+02, 3.20786041e+02,
    3.39755859e+02, 2.07901642e+02, 3.42465942e+02, 2.30848679e+02,
    3.45354889e+02, 2.53658722e+02, 3.48639221e+02, 2.77162659e+02,
    3.52456390e+02, 3.00810669e+02, 3.54835449e+02, 3.25072235e+02,
    3.21409485e+02, 2.08803345e+02, 3.24131256e+02, 2.32360855e+02,
    3.27056274e+02, 2.55953430e+02, 3.30322632e+02, 2.79939026e+02,
    3.33973206e+02, 3.04536896e+02, 3.36311310e+02, 3.29693481e+02,
    3.02043457e+02, 2.09747925e+02, 3.04395386e+02, 2.34251877e+02,
    3.07500244e+02, 2.58331207e+02, 3.10724365e+02, 2.83269287e+02,
    3.14110535e+02, 3.08625580e+02, 3.16499969e+02, 3.34344513e+02,
    2.81741272e+02, 2.10861221e+02, 2.83990295e+02, 2.35984207e+02,
    2.86979431e+02, 2.60865784e+02, 2.90127838e+02, 2.86632355e+02,
    2.93265686e+02, 3.12732544e+02, 2.95592773e+02, 3.39627258e+02,
    2.60137665e+02, 2.11973785e+02, 2.62216614e+02, 2.37779053e+02,
    2.65087952e+02, 2.63660065e+02, 2.67869843e+02, 2.90181976e+02,
    2.70747223e+02, 3.17240692e+02, 2.73352966e+02, 3.45233215e+02,
    2.37273926e+02, 2.13142868e+02, 2.39167267e+02, 2.39818390e+02,
    2.41736588e+02, 2.66675995e+02, 2.44296173e+02, 2.94046539e+02,
    2.46831909e+02, 3.22197235e+02, 2.49449905e+02, 3.51112152e+02,
    2.12362244e+02, 2.14499573e+02, 2.14416199e+02, 2.42102859e+02,
    2.16779892e+02, 2.69897247e+02, 2.18960663e+02, 2.98427094e+02,
    2.21418060e+02, 3.27315125e+02, 2.23363983e+02, 3.57122101e+02 ]
