%YAML:1.0
---
points: [ 1.94073532e+02, 2.00809479e+02, 1.95759506e+02, 2.13214249e+02,
    1.97379211e+02, 2.25574448e+02, 1.98862122e+02, 2.38203506e+02,
    2.00692963e+02, 2.50927505e+02, 2.02268860e+02, 2.64222198e+02,
    1.81542664e+02, 2.01624863e+02, 1.83041351e+02, 2.14096695e+02,
    1.84594635e+02, 2.26735733e+02, 1.86178833e+02, 2.39483917e+02,
    1.87937897e+02, 2.52303864e+02, 1.89581772e+02, 2.65830017e+02,
    1.68581696e+02, 2.02283081e+02, 1.70025375e+02, 2.14994308e+02,
    1.71541763e+02, 2.27794815e+02, 1.73118927e+02, 2.40714310e+02,
    1.74745636e+02, 2.53792526e+02, 1.76006714e+02, 2.67519501e+02,
    1.55329834e+02, 2.02912430e+02, 1.56588150e+02, 2.15857681e+02,
    1.58008469e+02, 2.28857681e+02, 1.59474335e+02, 2.41996033e+02,
    1.60920639e+02, 2.55351959e+02, 1.62336990e+02, 2.69326202e+02,
    1.41326218e+02, 2.03555374e+02, 1.42510147e+02, 2.16762939e+02,
    1.43890076e+02, 2.29913620e+02, 1.45264908e+02, 2.43292999e+02,
    1.46625519e+02, 2.57026917e+02, 1.47801880e+02, 2.71240784e+02,
    1.27067619e+02, 2.04111679e+02, 1.28234161e+02, 2.17777939e+02,
    1.29406479e+02, 2.30990067e+02, 1.30681549e+02, 2.44737656e+02,
    1.31931183e+02, 2.58677307e+02, 1.33156311e+02, 2.73084198e+02,
    1.12410278e+02, 2.04697052e+02, 1.13274223e+02, 2.18604568e+02,
    1.14410484e+02, 2.32134415e+02, 1.15563446e+02, 2.46088684e+02,
    1.16693130e+02, 2.60337433e+02, 1.17709686e+02, 2.75204987e+02,
    9.70630798e+01, 2.05443497e+02, 9.81185989e+01, 2.19483337e+02,
    9.90210037e+01, 2.33337509e+02, 1.00085266e+02, 2.47611908e+02,
    1.01054230e+02, 2.62006409e+02, 1.02076187e+02, 2.77065948e+02,
    8.15006180e+01, 2.06275833e+02, 8.23065033e+01, 2.20334946e+02,
    8.31577454e+01, 2.34557159e+02, 8.40133820e+01, 2.49176239e+02,
    8.49559784e+01, 2.63778534e+02, 8.53998871e+01, 2.79297241e+02 ]
