%YAML:1.0
---
points: [ 9.20658508e+02, 5.45718018e+02, 9.21139587e+02, 6.03771301e+02,
    9.21705627e+02, 6.61059204e+02, 9.22408447e+02, 7.17803955e+02,
    9.22805969e+02, 7.74910095e+02, 9.23559326e+02, 8.31880127e+02,
    8.64084167e+02, 5.46065430e+02, 8.64688965e+02, 6.03685791e+02,
    8.65421753e+02, 6.60592590e+02, 8.66150940e+02, 7.17308960e+02,
    8.66391113e+02, 7.74376343e+02, 8.67190674e+02, 8.30933716e+02,
    8.07868042e+02, 5.46347656e+02, 8.08724792e+02, 6.03716980e+02,
    8.09483582e+02, 6.60427612e+02, 8.09933472e+02, 7.17168945e+02,
    8.10183777e+02, 7.74165894e+02, 8.11240173e+02, 8.30296692e+02,
    7.52223572e+02, 5.46757019e+02, 7.53178223e+02, 6.03896057e+02,
    7.53727783e+02, 6.60465454e+02, 7.54134399e+02, 7.17117432e+02,
    7.54299744e+02, 7.73742004e+02, 7.55491821e+02, 8.29706055e+02,
    6.95681519e+02, 5.47342651e+02, 6.96853760e+02, 6.04206421e+02,
    6.97370361e+02, 6.60552002e+02, 6.97736816e+02, 7.17052429e+02,
    6.97809875e+02, 7.73553772e+02, 6.99425659e+02, 8.29387939e+02,
    6.40125122e+02, 5.47739075e+02, 6.41792053e+02, 6.04355957e+02,
    6.42085754e+02, 6.60632080e+02, 6.42290649e+02, 7.17142456e+02,
    6.42845032e+02, 7.73214050e+02, 6.43905701e+02, 8.29445862e+02,
    5.84689209e+02, 5.48258179e+02, 5.86411255e+02, 6.04675293e+02,
    5.86675171e+02, 6.60821350e+02, 5.87371338e+02, 7.16864075e+02,
    5.87857666e+02, 7.72757080e+02, 5.89181274e+02, 8.29173218e+02,
    5.29235168e+02, 5.48653687e+02, 5.31336182e+02, 6.04982727e+02,
    5.31950989e+02, 6.61049866e+02, 5.32731140e+02, 7.16857178e+02,
    5.33593628e+02, 7.72346008e+02, 5.34537292e+02, 8.28589661e+02,
    4.74655182e+02, 5.49207458e+02, 4.76286774e+02, 6.05388611e+02,
    4.76968384e+02, 6.61255615e+02, 4.78363495e+02, 7.16790283e+02,
    4.79438141e+02, 7.72152893e+02, 4.81741699e+02, 8.27425659e+02 ]
