%YAML:1.0
---
points: [ 7.31100830e+02, 5.21672180e+02, 7.34907532e+02, 5.57191406e+02,
    7.38807617e+02, 5.92936401e+02, 7.42638611e+02, 6.29470642e+02,
    7.46855774e+02, 6.66219360e+02, 7.50747375e+02, 7.04366638e+02,
    6.94285767e+02, 5.23485046e+02, 6.97678345e+02, 5.59533325e+02,
    7.01500427e+02, 5.96009277e+02, 7.05306091e+02, 6.32779114e+02,
    7.09317261e+02, 6.70085388e+02, 7.12782593e+02, 7.08658752e+02,
    6.56035950e+02, 5.25176331e+02, 6.59570374e+02, 5.61796753e+02,
    6.63015442e+02, 5.98546875e+02, 6.66455383e+02, 6.35874695e+02,
    6.70389038e+02, 6.73732361e+02, 6.73586670e+02, 7.13318054e+02,
    6.17171692e+02, 5.26594360e+02, 6.20120483e+02, 5.63933899e+02,
    6.23424316e+02, 6.01238342e+02, 6.26743591e+02, 6.39243286e+02,
    6.30212341e+02, 6.77568970e+02, 6.33234985e+02, 7.17969360e+02,
    5.76236328e+02, 5.27810120e+02, 5.79092102e+02, 5.65933105e+02,
    5.81799438e+02, 6.03806091e+02, 5.85003967e+02, 6.42638000e+02,
    5.87901184e+02, 6.81842957e+02, 5.90635254e+02, 7.22933472e+02,
    5.34435425e+02, 5.29112244e+02, 5.36882385e+02, 5.68077087e+02,
    5.39433533e+02, 6.06644409e+02, 5.42119995e+02, 6.45923584e+02,
    5.44554504e+02, 6.86249939e+02, 5.47084595e+02, 7.27943848e+02,
    4.91012848e+02, 5.30506653e+02, 4.93065521e+02, 5.70265381e+02,
    4.95287750e+02, 6.09481323e+02, 4.97389771e+02, 6.49745911e+02,
    4.99603424e+02, 6.90767090e+02, 5.01771637e+02, 7.33277527e+02,
    4.46086761e+02, 5.31868896e+02, 4.47909790e+02, 5.72314575e+02,
    4.49534149e+02, 6.12551636e+02, 4.51386932e+02, 6.53591553e+02,
    4.53247833e+02, 6.95336304e+02, 4.54838654e+02, 7.38710754e+02,
    3.99563019e+02, 5.33722778e+02, 4.00991455e+02, 5.74589417e+02,
    4.02218140e+02, 6.15551575e+02, 4.03451050e+02, 6.57450500e+02,
    4.05005402e+02, 7.00123474e+02, 4.06445190e+02, 7.44351562e+02 ]
