%YAML:1.0
---
points: [ 2.95933655e+02, 2.10412506e+02, 2.96803467e+02, 2.36878662e+02,
    2.96862579e+02, 2.61765991e+02, 2.96966644e+02, 2.88329559e+02,
    2.97645630e+02, 3.15360107e+02, 2.97903320e+02, 3.43296082e+02,
    2.70698792e+02, 2.10913971e+02, 2.70680054e+02, 2.36398376e+02,
    2.71078064e+02, 2.61838440e+02, 2.71235016e+02, 2.87923706e+02,
    2.71473572e+02, 3.14945587e+02, 2.71547638e+02, 3.42373962e+02,
    2.46220718e+02, 2.11207596e+02, 2.46053452e+02, 2.36301193e+02,
    2.46055115e+02, 2.61733063e+02, 2.45691086e+02, 2.87602081e+02,
    2.45464890e+02, 3.14323883e+02, 2.45376770e+02, 3.41706726e+02,
    2.21832138e+02, 2.11513000e+02, 2.21551773e+02, 2.36380035e+02,
    2.21116486e+02, 2.61618500e+02, 2.20636597e+02, 2.87380676e+02,
    2.19841446e+02, 3.14043793e+02, 2.19587112e+02, 3.41068634e+02,
    1.97439987e+02, 2.11811035e+02, 1.96956940e+02, 2.36679993e+02,
    1.96235565e+02, 2.61554840e+02, 1.95415710e+02, 2.87238708e+02,
    1.94436752e+02, 3.13640778e+02, 1.93996521e+02, 3.40355225e+02,
    1.73478851e+02, 2.11954529e+02, 1.73087204e+02, 2.36824829e+02,
    1.71845856e+02, 2.61722015e+02, 1.70637146e+02, 2.87136017e+02,
    1.69529633e+02, 3.13195190e+02, 1.68637527e+02, 3.39892883e+02,
    1.49611542e+02, 2.12166382e+02, 1.49067245e+02, 2.36784805e+02,
    1.47709702e+02, 2.61775330e+02, 1.46415924e+02, 2.86907318e+02,
    1.45100220e+02, 3.12798950e+02, 1.44182129e+02, 3.39246155e+02,
    1.25867081e+02, 2.12479645e+02, 1.25257195e+02, 2.36960297e+02,
    1.23829887e+02, 2.61599396e+02, 1.22385002e+02, 2.86794067e+02,
    1.21157715e+02, 3.12236786e+02, 1.19996445e+02, 3.38456482e+02,
    1.03094025e+02, 2.12917694e+02, 1.01858925e+02, 2.36974823e+02,
    1.00267143e+02, 2.61718414e+02, 9.89836197e+01, 2.86444763e+02,
    9.76801300e+01, 3.11839325e+02, 9.68999329e+01, 3.37337219e+02 ]
