%YAML:1.0
---
points: [ 3.30543121e+02, 1.98650742e+02, 3.30664825e+02, 2.09118698e+02,
    3.30746979e+02, 2.19917236e+02, 3.30884277e+02, 2.30870544e+02,
    3.31132355e+02, 2.41933823e+02, 3.31109314e+02, 2.53387482e+02,
    3.19471954e+02, 1.98851959e+02, 3.19534576e+02, 2.09513397e+02,
    3.19535278e+02, 2.20041595e+02, 3.19554138e+02, 2.30939545e+02,
    3.19600830e+02, 2.41756424e+02, 3.19792297e+02, 2.53186020e+02,
    3.08523132e+02, 1.99191513e+02, 3.08416473e+02, 2.09610825e+02,
    3.08396362e+02, 2.20170242e+02, 3.08335175e+02, 2.30880081e+02,
    3.08246948e+02, 2.41658264e+02, 3.08085022e+02, 2.52943283e+02,
    2.97744843e+02, 1.99330688e+02, 2.97564972e+02, 2.09742340e+02,
    2.97463379e+02, 2.20102661e+02, 2.97246887e+02, 2.30844513e+02,
    2.96983093e+02, 2.41469742e+02, 2.96925018e+02, 2.52762192e+02,
    2.86857605e+02, 1.99395065e+02, 2.86785767e+02, 2.09683868e+02,
    2.86547668e+02, 2.20167099e+02, 2.86224243e+02, 2.30746796e+02,
    2.85871368e+02, 2.41306244e+02, 2.85727142e+02, 2.52452530e+02,
    2.76363037e+02, 1.99496552e+02, 2.76149170e+02, 2.09800095e+02,
    2.75713745e+02, 2.20030182e+02, 2.75384766e+02, 2.30624298e+02,
    2.74963318e+02, 2.41125244e+02, 2.74713226e+02, 2.52278000e+02,
    2.65974609e+02, 1.99516693e+02, 2.65623810e+02, 2.09882233e+02,
    2.65184418e+02, 2.20081268e+02, 2.64676025e+02, 2.30663956e+02,
    2.64298920e+02, 2.41076355e+02, 2.63739227e+02, 2.51998703e+02,
    2.55662872e+02, 1.99692093e+02, 2.55287979e+02, 2.09829453e+02,
    2.54706528e+02, 2.20067947e+02, 2.54261902e+02, 2.30552322e+02,
    2.53692291e+02, 2.40938156e+02, 2.53186035e+02, 2.51978592e+02,
    2.45556931e+02, 1.99927658e+02, 2.45076950e+02, 2.09913528e+02,
    2.44418549e+02, 2.19992294e+02, 2.43802505e+02, 2.30647995e+02,
    2.43225128e+02, 2.40877365e+02, 2.42545929e+02, 2.51910828e+02 ]
