%YAML:1.0
---
points: [ 1.13073560e+03, 5.19218811e+02, 1.13038379e+03, 5.49829102e+02,
    1.12992285e+03, 5.80659546e+02, 1.12967029e+03, 6.12303284e+02,
    1.12929541e+03, 6.43877319e+02, 1.12889343e+03, 6.76698120e+02,
    1.09931348e+03, 5.19610107e+02, 1.09862927e+03, 5.50253418e+02,
    1.09802759e+03, 5.80863586e+02, 1.09740845e+03, 6.11940918e+02,
    1.09671021e+03, 6.43293640e+02, 1.09608362e+03, 6.75861816e+02,
    1.06828259e+03, 5.20151855e+02, 1.06740576e+03, 5.50445862e+02,
    1.06643469e+03, 5.80699463e+02, 1.06549133e+03, 6.11488037e+02,
    1.06452844e+03, 6.42553284e+02, 1.06361353e+03, 6.75026855e+02,
    1.03757507e+03, 5.20315430e+02, 1.03641650e+03, 5.50358398e+02,
    1.03514746e+03, 5.80497253e+02, 1.03395923e+03, 6.10944458e+02,
    1.03258984e+03, 6.41769470e+02, 1.03154822e+03, 6.74194275e+02,
    1.00662744e+03, 5.20276794e+02, 1.00539935e+03, 5.50351196e+02,
    1.00373315e+03, 5.80138916e+02, 1.00231537e+03, 6.10440979e+02,
    1.00073724e+03, 6.41148804e+02, 9.99449585e+02, 6.73199219e+02,
    9.76439575e+02, 5.20209290e+02, 9.75050964e+02, 5.50260864e+02,
    9.73364685e+02, 5.79748169e+02, 9.71494812e+02, 6.09654785e+02,
    9.69731628e+02, 6.40468445e+02, 9.68115295e+02, 6.72231140e+02,
    9.46589111e+02, 5.20215515e+02, 9.44968140e+02, 5.50062622e+02,
    9.43134766e+02, 5.79516052e+02, 9.41031372e+02, 6.09426941e+02,
    9.38900330e+02, 6.39914612e+02, 9.37009094e+02, 6.71440369e+02,
    9.17040100e+02, 5.20142151e+02, 9.15475464e+02, 5.49755371e+02,
    9.13110168e+02, 5.79195312e+02, 9.11067627e+02, 6.09019104e+02,
    9.08659668e+02, 6.39428772e+02, 9.06479919e+02, 6.70651123e+02,
    8.88100830e+02, 5.20295410e+02, 8.85948303e+02, 5.49618530e+02,
    8.83558105e+02, 5.78808533e+02, 8.81185303e+02, 6.08559082e+02,
    8.78712097e+02, 6.38783630e+02, 8.76555176e+02, 6.70187500e+02 ]
