%YAML:1.0
---
points: [ 2.23516022e+02, 2.07083160e+02, 2.25585922e+02, 2.27394745e+02,
    2.27360016e+02, 2.47540695e+02, 2.28951065e+02, 2.68090973e+02,
    2.31154602e+02, 2.88900543e+02, 2.32721741e+02, 3.10369598e+02,
    2.04849731e+02, 2.08092926e+02, 2.06522491e+02, 2.28817261e+02,
    2.08376434e+02, 2.49763168e+02, 2.10216995e+02, 2.70694550e+02,
    2.12308365e+02, 2.92296631e+02, 2.14085419e+02, 3.14346100e+02,
    1.85060287e+02, 2.09023178e+02, 1.86665421e+02, 2.30489517e+02,
    1.88320038e+02, 2.51803085e+02, 1.90256256e+02, 2.73794159e+02,
    1.92474731e+02, 2.95827118e+02, 1.93881500e+02, 3.18587036e+02,
    1.64104950e+02, 2.09865875e+02, 1.65700119e+02, 2.32040344e+02,
    1.67310547e+02, 2.54287094e+02, 1.69198486e+02, 2.76716888e+02,
    1.71196777e+02, 2.99732513e+02, 1.72533386e+02, 3.23175354e+02,
    1.41498505e+02, 2.10857590e+02, 1.42819244e+02, 2.33896469e+02,
    1.44539490e+02, 2.56736664e+02, 1.46383698e+02, 2.80108978e+02,
    1.48062241e+02, 3.03813965e+02, 1.49568817e+02, 3.27948608e+02,
    1.17579453e+02, 2.11850113e+02, 1.18912415e+02, 2.35758957e+02,
    1.20530670e+02, 2.59404999e+02, 1.22146095e+02, 2.83597656e+02,
    1.23816231e+02, 3.08144043e+02, 1.25216972e+02, 3.33079376e+02,
    9.19120712e+01, 2.12849625e+02, 9.31391220e+01, 2.37649460e+02,
    9.48093719e+01, 2.62310883e+02, 9.63000565e+01, 2.87193359e+02,
    9.78705444e+01, 3.12562134e+02, 9.96167831e+01, 3.38420319e+02,
    6.48211975e+01, 2.13959167e+02, 6.61215286e+01, 2.39589691e+02,
    6.76569290e+01, 2.65070740e+02, 6.90464401e+01, 2.90942108e+02,
    7.06207962e+01, 3.16978271e+02, 7.24684830e+01, 3.43414703e+02,
    3.67620735e+01, 2.15387054e+02, 3.77566109e+01, 2.41600800e+02,
    3.89049034e+01, 2.67980682e+02, 4.04050255e+01, 2.94577209e+02,
    4.22362366e+01, 3.21424011e+02, 4.43564186e+01, 3.48249084e+02 ]
