%YAML:1.0
---
points: [ 9.20671448e+02, 5.45775513e+02, 9.21201660e+02, 6.03836792e+02,
    9.21738037e+02, 6.61137817e+02, 9.22444824e+02, 7.17970337e+02,
    9.22868408e+02, 7.75013489e+02, 9.23533447e+02, 8.31928772e+02,
    8.64120422e+02, 5.46154419e+02, 8.64717102e+02, 6.03744751e+02,
    8.65410034e+02, 6.60651550e+02, 8.66128784e+02, 7.17354492e+02,
    8.66386902e+02, 7.74442139e+02, 8.67136902e+02, 8.30944031e+02,
    8.07880676e+02, 5.46408020e+02, 8.08728271e+02, 6.03775330e+02,
    8.09433716e+02, 6.60517456e+02, 8.09943298e+02, 7.17259033e+02,
    8.10173584e+02, 7.74216064e+02, 8.11275024e+02, 8.30360901e+02,
    7.52276550e+02, 5.46815063e+02, 7.53170471e+02, 6.04023865e+02,
    7.53722412e+02, 6.60504028e+02, 7.54117981e+02, 7.17197083e+02,
    7.54353271e+02, 7.73839966e+02, 7.55466980e+02, 8.29790894e+02,
    6.95680359e+02, 5.47367737e+02, 6.96874023e+02, 6.04206726e+02,
    6.97336914e+02, 6.60604065e+02, 6.97704163e+02, 7.17178955e+02,
    6.97744873e+02, 7.73650574e+02, 6.99422729e+02, 8.29454590e+02,
    6.40055542e+02, 5.47820068e+02, 6.41774719e+02, 6.04366028e+02,
    6.42017456e+02, 6.60705811e+02, 6.42246399e+02, 7.17195190e+02,
    6.42846619e+02, 7.73235596e+02, 6.43813293e+02, 8.29479736e+02,
    5.84674866e+02, 5.48289124e+02, 5.86353516e+02, 6.04764526e+02,
    5.86652893e+02, 6.60875305e+02, 5.87336914e+02, 7.16930542e+02,
    5.87813538e+02, 7.72846130e+02, 5.89155090e+02, 8.29186646e+02,
    5.29241272e+02, 5.48688049e+02, 5.31281799e+02, 6.05070190e+02,
    5.31895996e+02, 6.61158875e+02, 5.32696045e+02, 7.16879333e+02,
    5.33549988e+02, 7.72417969e+02, 5.34482605e+02, 8.28650330e+02,
    4.74671906e+02, 5.49173706e+02, 4.76243256e+02, 6.05460266e+02,
    4.76874725e+02, 6.61281433e+02, 4.78315613e+02, 7.16770020e+02,
    4.79368439e+02, 7.72178467e+02, 4.81693512e+02, 8.27486206e+02 ]
