%YAML:1.0
---
points: [ 2.05660217e+02, 2.05070160e+02, 2.07148163e+02, 2.21598602e+02,
    2.08442688e+02, 2.38196854e+02, 2.09837616e+02, 2.55327637e+02,
    2.11372177e+02, 2.72902771e+02, 2.12683136e+02, 2.91358368e+02,
    1.88858246e+02, 2.05835678e+02, 1.89893188e+02, 2.22497131e+02,
    1.91224472e+02, 2.39508621e+02, 1.92432724e+02, 2.56757538e+02,
    1.93720535e+02, 2.74561005e+02, 1.95056061e+02, 2.93264801e+02,
    1.71350677e+02, 2.06602249e+02, 1.72342606e+02, 2.23501007e+02,
    1.73312836e+02, 2.40618393e+02, 1.74328476e+02, 2.58296936e+02,
    1.75529617e+02, 2.76247070e+02, 1.76437943e+02, 2.95291443e+02,
    1.53380081e+02, 2.07000488e+02, 1.54173843e+02, 2.24318588e+02,
    1.54894638e+02, 2.41845078e+02, 1.55624741e+02, 2.59622192e+02,
    1.56442520e+02, 2.78061615e+02, 1.57320541e+02, 2.97516052e+02,
    1.34581375e+02, 2.07684784e+02, 1.35105133e+02, 2.25174133e+02,
    1.35649292e+02, 2.42912491e+02, 1.36275970e+02, 2.61126434e+02,
    1.36748657e+02, 2.79943115e+02, 1.37239868e+02, 2.99621735e+02,
    1.15352676e+02, 2.08025284e+02, 1.15718193e+02, 2.26018097e+02,
    1.15956825e+02, 2.44000473e+02, 1.16249245e+02, 2.62657837e+02,
    1.16573418e+02, 2.81899323e+02, 1.16999397e+02, 3.01673340e+02,
    9.55375214e+01, 2.08518692e+02, 9.56097031e+01, 2.26846954e+02,
    9.56460342e+01, 2.45277603e+02, 9.56777344e+01, 2.64127136e+02,
    9.57539673e+01, 2.83696625e+02, 9.58255310e+01, 3.04002747e+02,
    7.50867615e+01, 2.08980103e+02, 7.51222229e+01, 2.27831070e+02,
    7.47345123e+01, 2.46401794e+02, 7.46664581e+01, 2.65799957e+02,
    7.44234924e+01, 2.85455750e+02, 7.45213318e+01, 3.06067963e+02,
    5.47847786e+01, 2.09896576e+02, 5.41785812e+01, 2.28513855e+02,
    5.36522331e+01, 2.47696701e+02, 5.32976265e+01, 2.67054688e+02,
    5.30486870e+01, 2.87260925e+02, 5.28866196e+01, 3.07951080e+02 ]
