%YAML:1.0
---
points: [ 7.48159424e+02, 5.34389404e+02, 7.50810974e+02, 5.81678589e+02,
    7.53730774e+02, 6.29788391e+02, 7.56222534e+02, 6.79532349e+02,
    7.59319031e+02, 7.29698914e+02, 7.61979675e+02, 7.82490967e+02,
    6.98559753e+02, 5.35724915e+02, 7.00713562e+02, 5.83975098e+02,
    7.02756287e+02, 6.32997131e+02, 7.05089539e+02, 6.82886292e+02,
    7.07396423e+02, 7.34001709e+02, 7.09434082e+02, 7.87641418e+02,
    6.47513916e+02, 5.37354858e+02, 6.49026245e+02, 5.86286133e+02,
    6.50405884e+02, 6.35647949e+02, 6.52032288e+02, 6.86471863e+02,
    6.53684631e+02, 7.38526184e+02, 6.55020874e+02, 7.92905090e+02,
    5.94847229e+02, 5.38455139e+02, 5.95658081e+02, 5.87990173e+02,
    5.96503662e+02, 6.38403137e+02, 5.97279663e+02, 6.89951599e+02,
    5.98038208e+02, 7.42940613e+02, 5.98615967e+02, 7.98430115e+02,
    5.39518616e+02, 5.39190918e+02, 5.39720459e+02, 5.89956299e+02,
    5.39731201e+02, 6.41037109e+02, 5.39708069e+02, 6.93518188e+02,
    5.39595642e+02, 7.47576904e+02, 5.39608521e+02, 8.04343079e+02,
    4.83103546e+02, 5.40050476e+02, 4.82619171e+02, 5.91928406e+02,
    4.81743134e+02, 6.43846985e+02, 4.80816559e+02, 6.97191223e+02,
    4.79998047e+02, 7.52431213e+02, 4.78992554e+02, 8.10249512e+02,
    4.24357117e+02, 5.40915161e+02, 4.23278778e+02, 5.93810303e+02,
    4.21696503e+02, 6.46603882e+02, 4.19830078e+02, 7.01364197e+02,
    4.18047363e+02, 7.57549805e+02, 4.16348633e+02, 8.16432800e+02,
    3.63852081e+02, 5.41771667e+02, 3.61965118e+02, 5.95763550e+02,
    3.59510254e+02, 6.49652893e+02, 3.56739136e+02, 7.05438843e+02,
    3.54301117e+02, 7.62575684e+02, 3.51364044e+02, 8.22682495e+02,
    3.01435730e+02, 5.43335266e+02, 2.98442657e+02, 5.97562500e+02,
    2.95201416e+02, 6.52669861e+02, 2.91710693e+02, 7.09469116e+02,
    2.88086029e+02, 7.67854004e+02, 2.85168518e+02, 8.28969482e+02 ]
