%YAML:1.0
---
points: [ 9.68845703e+02, 5.50625305e+02, 9.68719543e+02, 6.15338867e+02,
    9.68803101e+02, 6.79134949e+02, 9.69391846e+02, 7.42524353e+02,
    9.69187134e+02, 8.06374023e+02, 9.69940613e+02, 8.70217041e+02,
    9.11062378e+02, 5.50117676e+02, 9.11284241e+02, 6.13106262e+02,
    9.11572937e+02, 6.75388855e+02, 9.11737610e+02, 7.37450867e+02,
    9.10941772e+02, 8.00190918e+02, 9.11867249e+02, 8.62370056e+02,
    8.55679871e+02, 5.49411377e+02, 8.56133301e+02, 6.11147400e+02,
    8.56147156e+02, 6.71883423e+02, 8.55591919e+02, 7.33080933e+02,
    8.54636719e+02, 7.94423035e+02, 8.55934326e+02, 8.55292725e+02,
    8.02288086e+02, 5.48832214e+02, 8.02577942e+02, 6.09164734e+02,
    8.02441101e+02, 6.68932129e+02, 8.01800659e+02, 7.28877747e+02,
    8.01072937e+02, 7.88932251e+02, 8.02365723e+02, 8.48645142e+02,
    7.49515198e+02, 5.48448730e+02, 7.50405823e+02, 6.07529419e+02,
    7.49886902e+02, 6.66106750e+02, 7.49459961e+02, 7.24595398e+02,
    7.48600708e+02, 7.83692444e+02, 7.50109924e+02, 8.42135376e+02,
    6.99769897e+02, 5.47882568e+02, 7.01128296e+02, 6.05868896e+02,
    7.00331177e+02, 6.63386414e+02, 6.99359375e+02, 7.21013367e+02,
    6.99121948e+02, 7.78593079e+02, 6.99946167e+02, 8.36464722e+02,
    6.51372864e+02, 5.47413330e+02, 6.52736328e+02, 6.04270020e+02,
    6.52089294e+02, 6.60818787e+02, 6.51862610e+02, 7.17307312e+02,
    6.51415100e+02, 7.73697510e+02, 6.52111938e+02, 8.30447876e+02,
    6.04676941e+02, 5.46815674e+02, 6.06316895e+02, 6.02743652e+02,
    6.05802185e+02, 6.58359680e+02, 6.05820984e+02, 7.13605164e+02,
    6.05926575e+02, 7.69088684e+02, 6.06256775e+02, 8.24843628e+02,
    5.60231384e+02, 5.46562317e+02, 5.61094849e+02, 6.01493652e+02,
    5.60893372e+02, 6.55971741e+02, 5.61325256e+02, 7.10193787e+02,
    5.61563965e+02, 7.64479614e+02, 5.63720215e+02, 8.18624817e+02 ]
