%YAML:1.0
---
points: [ 2.89904938e+02, 2.06933365e+02, 2.90878082e+02, 2.28469940e+02,
    2.91369781e+02, 2.49969543e+02, 2.91731049e+02, 2.71705475e+02,
    2.92728607e+02, 2.94205566e+02, 2.93140747e+02, 3.17416077e+02,
    2.68773071e+02, 2.07499802e+02, 2.69257751e+02, 2.28671463e+02,
    2.69538452e+02, 2.50194656e+02, 2.70278778e+02, 2.71909912e+02,
    2.70766571e+02, 2.94336609e+02, 2.71354950e+02, 3.17313232e+02,
    2.47906235e+02, 2.07989700e+02, 2.48122467e+02, 2.29306213e+02,
    2.48443344e+02, 2.50563248e+02, 2.48576782e+02, 2.72456177e+02,
    2.48864349e+02, 2.94872375e+02, 2.49316986e+02, 3.17698547e+02,
    2.26874619e+02, 2.08348068e+02, 2.27136673e+02, 2.29792007e+02,
    2.26927963e+02, 2.51211746e+02, 2.26988434e+02, 2.72944275e+02,
    2.27230911e+02, 2.95074524e+02, 2.27339249e+02, 3.18149628e+02,
    2.05617096e+02, 2.08875916e+02, 2.05419022e+02, 2.30154694e+02,
    2.05406158e+02, 2.51330414e+02, 2.05387131e+02, 2.73274261e+02,
    2.05060181e+02, 2.95665863e+02, 2.05079620e+02, 3.18352997e+02,
    1.84492859e+02, 2.08996628e+02, 1.84516983e+02, 2.30524216e+02,
    1.84067337e+02, 2.51896378e+02, 1.83447098e+02, 2.73904694e+02,
    1.83290253e+02, 2.96010132e+02, 1.82757935e+02, 3.19084229e+02,
    1.63273285e+02, 2.09348999e+02, 1.63028595e+02, 2.30887802e+02,
    1.62443436e+02, 2.52291489e+02, 1.61843781e+02, 2.74137054e+02,
    1.61270645e+02, 2.96568695e+02, 1.60803192e+02, 3.19474426e+02,
    1.41711975e+02, 2.09766846e+02, 1.41517242e+02, 2.31246109e+02,
    1.40820877e+02, 2.52715622e+02, 1.40153824e+02, 2.74801086e+02,
    1.39420731e+02, 2.96915344e+02, 1.38687332e+02, 3.19883789e+02,
    1.20631851e+02, 2.10371765e+02, 1.20077324e+02, 2.31689041e+02,
    1.19095428e+02, 2.53150955e+02, 1.18390656e+02, 2.75014221e+02,
    1.17581047e+02, 2.97311401e+02, 1.17222061e+02, 3.20009705e+02 ]
