%YAML:1.0
---
points: [ 9.69520752e+02, 6.23564209e+02, 9.47419922e+02, 6.70223694e+02,
    9.25083862e+02, 7.17224609e+02, 9.02188232e+02, 7.65151489e+02,
    8.78998962e+02, 8.14239807e+02, 8.54859680e+02, 8.64633240e+02,
    9.25089783e+02, 6.00877136e+02, 9.02083496e+02, 6.47612244e+02,
    8.79150452e+02, 6.94756836e+02, 8.55681763e+02, 7.42718994e+02,
    8.32091675e+02, 7.92168884e+02, 8.07144836e+02, 8.42633057e+02,
    8.79580627e+02, 5.77998535e+02, 8.56322266e+02, 6.24806335e+02,
    8.32480957e+02, 6.72105225e+02, 8.08740662e+02, 7.20250977e+02,
    7.84205566e+02, 7.69733276e+02, 7.58599487e+02, 8.20436890e+02,
    8.33960571e+02, 5.54585388e+02, 8.09707031e+02, 6.01583984e+02,
    7.85657959e+02, 6.48926392e+02, 7.60857422e+02, 6.97406006e+02,
    7.35703369e+02, 7.46982178e+02, 7.09302673e+02, 7.98049316e+02,
    7.87089966e+02, 5.30456848e+02, 7.62273010e+02, 5.77690796e+02,
    7.37194946e+02, 6.25221680e+02, 7.11865173e+02, 6.73715088e+02,
    6.85519043e+02, 7.23690002e+02, 6.58593384e+02, 7.74725708e+02,
    7.39866516e+02, 5.06147888e+02, 7.14379272e+02, 5.53626038e+02,
    6.88601440e+02, 6.01262939e+02, 6.62236938e+02, 6.50173279e+02,
    6.35442566e+02, 7.00110046e+02, 6.07366028e+02, 7.51769653e+02,
    6.91729858e+02, 4.81218658e+02, 6.65527893e+02, 5.29150513e+02,
    6.39043579e+02, 5.76933411e+02, 6.11866821e+02, 6.25982483e+02,
    5.83791321e+02, 6.76177429e+02, 5.55182190e+02, 7.27982849e+02,
    6.42671509e+02, 4.56135101e+02, 6.15881775e+02, 5.04086304e+02,
    5.88590393e+02, 5.52145447e+02, 5.60472839e+02, 6.01372437e+02,
    5.31781677e+02, 6.51678650e+02, 5.02131897e+02, 7.03855957e+02,
    5.92783447e+02, 4.30331757e+02, 5.65058899e+02, 4.78508301e+02,
    5.36652039e+02, 5.26911377e+02, 5.08069794e+02, 5.76327026e+02,
    4.78230896e+02, 6.27025269e+02, 4.48409912e+02, 6.79104492e+02 ]
