%YAML:1.0
---
points: [ 2.83562225e+02, 2.35319656e+02, 2.76345367e+02, 2.51690460e+02,
    2.69089874e+02, 2.68160736e+02, 2.61504547e+02, 2.84760376e+02,
    2.54053757e+02, 3.02045990e+02, 2.45921722e+02, 3.19847168e+02,
    2.68126801e+02, 2.27702606e+02, 2.60637573e+02, 2.43890900e+02,
    2.53046173e+02, 2.60487762e+02, 2.45545914e+02, 2.77196472e+02,
    2.37787827e+02, 2.94523010e+02, 2.29661362e+02, 3.12311035e+02,
    2.52452301e+02, 2.19969574e+02, 2.44796036e+02, 2.36278458e+02,
    2.37115341e+02, 2.52627136e+02, 2.29198502e+02, 2.69636078e+02,
    2.21323196e+02, 2.86843353e+02, 2.12883209e+02, 3.04628540e+02,
    2.36728500e+02, 2.12056992e+02, 2.28820389e+02, 2.28373230e+02,
    2.20814850e+02, 2.44965988e+02, 2.12821915e+02, 2.61729553e+02,
    2.04546982e+02, 2.79203247e+02, 1.95845901e+02, 2.97049500e+02,
    2.20452759e+02, 2.03891434e+02, 2.12228821e+02, 2.20386490e+02,
    2.04158890e+02, 2.36782822e+02, 1.95854172e+02, 2.53881836e+02,
    1.87242615e+02, 2.71239014e+02, 1.78369797e+02, 2.89176971e+02,
    2.04073959e+02, 1.95751633e+02, 1.95773422e+02, 2.12271866e+02,
    1.87421799e+02, 2.28817505e+02, 1.78759247e+02, 2.45852570e+02,
    1.69907410e+02, 2.63397919e+02, 1.60621201e+02, 2.81360443e+02,
    1.87632812e+02, 1.87284760e+02, 1.78839005e+02, 2.03935410e+02,
    1.70234940e+02, 2.20723251e+02, 1.61255112e+02, 2.37701843e+02,
    1.52107269e+02, 2.55293884e+02, 1.42623734e+02, 2.73334686e+02,
    1.70282333e+02, 1.78650238e+02, 1.61660339e+02, 1.95483871e+02,
    1.52372849e+02, 2.12237457e+02, 1.43084793e+02, 2.29620316e+02,
    1.33959763e+02, 2.46994263e+02, 1.24247864e+02, 2.65281830e+02,
    1.53200562e+02, 1.70458847e+02, 1.44087280e+02, 1.86908051e+02,
    1.34686020e+02, 2.03816422e+02, 1.25243752e+02, 2.20945999e+02,
    1.15506310e+02, 2.38684113e+02, 1.05747765e+02, 2.56816376e+02 ]
