%YAML:1.0
---
points: [ 9.09746338e+02, 5.44604980e+02, 9.10614502e+02, 6.03267456e+02,
    9.11278381e+02, 6.61313293e+02, 9.11880554e+02, 7.19128906e+02,
    9.12565613e+02, 7.77309143e+02, 9.13194153e+02, 8.35678894e+02,
    8.51791504e+02, 5.45349182e+02, 8.52557373e+02, 6.04106262e+02,
    8.53318298e+02, 6.62286621e+02, 8.53929382e+02, 7.20259277e+02,
    8.54496765e+02, 7.79046326e+02, 8.55095642e+02, 8.37621338e+02,
    7.93361389e+02, 5.46065857e+02, 7.94231995e+02, 6.05098145e+02,
    7.94809326e+02, 6.63451843e+02, 7.95409973e+02, 7.21989929e+02,
    7.95832214e+02, 7.80952698e+02, 7.96548767e+02, 8.39481323e+02,
    7.34364563e+02, 5.46881165e+02, 7.35195618e+02, 6.06180420e+02,
    7.35780029e+02, 6.64803894e+02, 7.36344482e+02, 7.23587769e+02,
    7.36644104e+02, 7.82779175e+02, 7.37469055e+02, 8.41604614e+02,
    6.74039734e+02, 5.47948303e+02, 6.75139160e+02, 6.07366150e+02,
    6.75457336e+02, 6.66262634e+02, 6.75746887e+02, 7.25306580e+02,
    6.75888123e+02, 7.85014343e+02, 6.77020569e+02, 8.44045837e+02,
    6.13635559e+02, 5.48818420e+02, 6.14935791e+02, 6.08374634e+02,
    6.15164001e+02, 6.67723328e+02, 6.15277466e+02, 7.27299866e+02,
    6.15680237e+02, 7.86894531e+02, 6.16442505e+02, 8.46591980e+02,
    5.52503845e+02, 5.49605469e+02, 5.53718079e+02, 6.09527710e+02,
    5.53903259e+02, 6.69368225e+02, 5.54369812e+02, 7.28955811e+02,
    5.54512756e+02, 7.88819946e+02, 5.55297241e+02, 8.49212830e+02,
    4.90495178e+02, 5.50455139e+02, 4.91896118e+02, 6.10939331e+02,
    4.92294037e+02, 6.70809204e+02, 4.92619202e+02, 7.30612305e+02,
    4.93242523e+02, 7.90743835e+02, 4.93844635e+02, 8.51242737e+02,
    4.28060547e+02, 5.51359741e+02, 4.29130859e+02, 6.12150391e+02,
    4.29545410e+02, 6.72374023e+02, 4.30365448e+02, 7.32511902e+02,
    4.31221558e+02, 7.92587463e+02, 4.33098175e+02, 8.52752563e+02 ]
