%YAML:1.0
---
points: [ 2.88282532e+02, 2.01420929e+02, 2.88792236e+02, 2.16142532e+02,
    2.89210236e+02, 2.30666107e+02, 2.89630066e+02, 2.45222977e+02,
    2.90212067e+02, 2.60094055e+02, 2.90540039e+02, 2.75547546e+02,
    2.73818268e+02, 2.01809937e+02, 2.74176147e+02, 2.16283005e+02,
    2.74596313e+02, 2.30838806e+02, 2.75037476e+02, 2.45649124e+02,
    2.75336670e+02, 2.60349426e+02, 2.75802277e+02, 2.75723480e+02,
    2.59481598e+02, 2.02136826e+02, 2.59658630e+02, 2.16756805e+02,
    2.59982269e+02, 2.31086563e+02, 2.60321045e+02, 2.45995102e+02,
    2.60706696e+02, 2.60612793e+02, 2.60749054e+02, 2.75999878e+02,
    2.45050308e+02, 2.02458725e+02, 2.45330765e+02, 2.16897522e+02,
    2.45560318e+02, 2.31420303e+02, 2.45709839e+02, 2.45962936e+02,
    2.45789795e+02, 2.60980499e+02, 2.46115723e+02, 2.76139313e+02,
    2.30536240e+02, 2.02724365e+02, 2.30558792e+02, 2.17163605e+02,
    2.30698364e+02, 2.31800751e+02, 2.30820206e+02, 2.46395126e+02,
    2.30888260e+02, 2.61245880e+02, 2.31124664e+02, 2.76516510e+02,
    2.16165421e+02, 2.02964828e+02, 2.16257904e+02, 2.17595566e+02,
    2.16241074e+02, 2.31976227e+02, 2.16259644e+02, 2.46824829e+02,
    2.16282776e+02, 2.61606079e+02, 2.16246780e+02, 2.76911163e+02,
    2.01643112e+02, 2.02895645e+02, 2.01557220e+02, 2.17784302e+02,
    2.01521362e+02, 2.32323425e+02, 2.01497360e+02, 2.46945129e+02,
    2.01458557e+02, 2.61939545e+02, 2.01418640e+02, 2.77122833e+02,
    1.87026230e+02, 2.03479706e+02, 1.87196304e+02, 2.18013458e+02,
    1.86932541e+02, 2.32623199e+02, 1.86690460e+02, 2.47378647e+02,
    1.86615036e+02, 2.62129120e+02, 1.86477585e+02, 2.77520477e+02,
    1.72582718e+02, 2.03803009e+02, 1.72475830e+02, 2.18318604e+02,
    1.72389221e+02, 2.32894424e+02, 1.72099426e+02, 2.47696289e+02,
    1.71720749e+02, 2.62619537e+02, 1.71582169e+02, 2.77953522e+02 ]
