%YAML:1.0
---
points: [ 2.10150055e+02, 2.06321472e+02, 2.11725723e+02, 2.23011475e+02,
    2.13139175e+02, 2.39803391e+02, 2.14462723e+02, 2.57082764e+02,
    2.16187744e+02, 2.74723846e+02, 2.17531601e+02, 2.93140289e+02,
    1.93591782e+02, 2.06828445e+02, 1.94749313e+02, 2.23720535e+02,
    1.96139313e+02, 2.40896851e+02, 1.97408890e+02, 2.58324280e+02,
    1.98795532e+02, 2.76306854e+02, 2.00143723e+02, 2.95204102e+02,
    1.76288559e+02, 2.07172943e+02, 1.77290192e+02, 2.24414673e+02,
    1.78303665e+02, 2.41854385e+02, 1.79450409e+02, 2.59873688e+02,
    1.80740051e+02, 2.78028931e+02, 1.81682877e+02, 2.97300995e+02,
    1.58287094e+02, 2.07385086e+02, 1.59172028e+02, 2.24950729e+02,
    1.59970474e+02, 2.42933670e+02, 1.60926880e+02, 2.60955811e+02,
    1.61979324e+02, 2.79784149e+02, 1.62694870e+02, 2.99404266e+02,
    1.39310974e+02, 2.07728317e+02, 1.40001129e+02, 2.25788101e+02,
    1.40615829e+02, 2.43841568e+02, 1.41352585e+02, 2.62524384e+02,
    1.42041245e+02, 2.81628784e+02, 1.42731979e+02, 3.01623962e+02,
    1.19856133e+02, 2.07853592e+02, 1.20257874e+02, 2.26416550e+02,
    1.20626083e+02, 2.44862488e+02, 1.21193329e+02, 2.63873718e+02,
    1.21636658e+02, 2.83419800e+02, 1.22112785e+02, 3.03846375e+02,
    9.95549393e+01, 2.07890259e+02, 9.96077805e+01, 2.26929535e+02,
    1.00032043e+02, 2.45929733e+02, 1.00212746e+02, 2.65285034e+02,
    1.00437698e+02, 2.85437653e+02, 1.00627716e+02, 3.06247833e+02,
    7.83665695e+01, 2.08276321e+02, 7.85366287e+01, 2.27706940e+02,
    7.84185791e+01, 2.46873886e+02, 7.84316406e+01, 2.66854279e+02,
    7.84843063e+01, 2.87357025e+02, 7.84117889e+01, 3.08784149e+02,
    5.72508621e+01, 2.08841980e+02, 5.67621269e+01, 2.28039307e+02,
    5.64475594e+01, 2.47994461e+02, 5.61309357e+01, 2.68153961e+02,
    5.60467911e+01, 2.89093018e+02, 5.61032104e+01, 3.10537964e+02 ]
