%YAML:1.0
---
points: [ 7.60722534e+02, 5.38386108e+02, 7.63809753e+02, 5.86297424e+02,
    7.66650391e+02, 6.34685303e+02, 7.69459106e+02, 6.84722595e+02,
    7.72785767e+02, 7.35297424e+02, 7.75611633e+02, 7.88271240e+02,
    7.11773376e+02, 5.38634216e+02, 7.13907349e+02, 5.87594055e+02,
    7.16414551e+02, 6.37218628e+02, 7.18682251e+02, 6.87697266e+02,
    7.21657104e+02, 7.39408569e+02, 7.23713257e+02, 7.93340881e+02,
    6.60554565e+02, 5.39295288e+02, 6.62340637e+02, 5.89133240e+02,
    6.64159241e+02, 6.39544617e+02, 6.65989380e+02, 6.91036987e+02,
    6.68278870e+02, 7.43604187e+02, 6.69758484e+02, 7.98726929e+02,
    6.07637390e+02, 5.39506714e+02, 6.08724304e+02, 5.90503723e+02,
    6.10042725e+02, 6.41641113e+02, 6.11378540e+02, 6.94127747e+02,
    6.12673645e+02, 7.48155090e+02, 6.13472534e+02, 8.04485107e+02,
    5.51797668e+02, 5.39529724e+02, 5.52421509e+02, 5.91642029e+02,
    5.52927490e+02, 6.44032227e+02, 5.53387390e+02, 6.97546448e+02,
    5.53781555e+02, 7.52762939e+02, 5.54081848e+02, 8.10601257e+02,
    4.94312164e+02, 5.39545044e+02, 4.94154358e+02, 5.92844543e+02,
    4.93811737e+02, 6.46202637e+02, 4.93419678e+02, 7.01205322e+02,
    4.93126068e+02, 7.57571899e+02, 4.92474579e+02, 8.16780701e+02,
    4.34013306e+02, 5.39690063e+02, 4.33279053e+02, 5.94154907e+02,
    4.31989807e+02, 6.48716431e+02, 4.30819550e+02, 7.04938232e+02,
    4.29483582e+02, 7.62713379e+02, 4.28229309e+02, 8.23159119e+02,
    3.71350586e+02, 5.39583618e+02, 3.69768768e+02, 5.95387512e+02,
    3.67828094e+02, 6.51134277e+02, 3.65634094e+02, 7.08671387e+02,
    3.63608490e+02, 7.67957642e+02, 3.61235382e+02, 8.29753601e+02,
    3.06220245e+02, 5.40014954e+02, 3.03391479e+02, 5.96553711e+02,
    3.00678101e+02, 6.53787720e+02, 2.97583923e+02, 7.12832703e+02,
    2.94519684e+02, 7.73432739e+02, 2.91809723e+02, 8.36572449e+02 ]
