%YAML:1.0
---
points: [ 2.15428162e+02, 2.01929810e+02, 2.16494736e+02, 2.16036438e+02,
    2.17461731e+02, 2.30009933e+02, 2.18250809e+02, 2.44001694e+02,
    2.19427216e+02, 2.58163055e+02, 2.20215240e+02, 2.72769775e+02,
    2.01902634e+02, 2.02632172e+02, 2.02759201e+02, 2.16715805e+02,
    2.03629745e+02, 2.30888458e+02, 2.04588715e+02, 2.45060303e+02,
    2.05643280e+02, 2.59414520e+02, 2.06570587e+02, 2.74211029e+02,
    1.87892410e+02, 2.03019196e+02, 1.88643219e+02, 2.17442825e+02,
    1.89545990e+02, 2.31823654e+02, 1.90516510e+02, 2.46244171e+02,
    1.91584961e+02, 2.60817261e+02, 1.92339600e+02, 2.75860901e+02,
    1.73462830e+02, 2.03557907e+02, 1.74282547e+02, 2.18006653e+02,
    1.75156372e+02, 2.32792252e+02, 1.75968201e+02, 2.47342865e+02,
    1.76867325e+02, 2.62337677e+02, 1.77543228e+02, 2.77576202e+02,
    1.58395218e+02, 2.03875580e+02, 1.59032547e+02, 2.18900909e+02,
    1.59837326e+02, 2.33697296e+02, 1.60672043e+02, 2.48774551e+02,
    1.61481628e+02, 2.63843445e+02, 1.62254272e+02, 2.79347260e+02,
    1.42911331e+02, 2.04391876e+02, 1.43541748e+02, 2.19695114e+02,
    1.44311188e+02, 2.34713303e+02, 1.45145035e+02, 2.49929550e+02,
    1.45791733e+02, 2.65343597e+02, 1.46391602e+02, 2.81137177e+02,
    1.27022736e+02, 2.04721008e+02, 1.27445518e+02, 2.20365417e+02,
    1.28295090e+02, 2.35784012e+02, 1.28786728e+02, 2.51186386e+02,
    1.29437454e+02, 2.66975922e+02, 1.30051712e+02, 2.83106934e+02,
    1.10237564e+02, 2.05174225e+02, 1.10970291e+02, 2.20995285e+02,
    1.11421555e+02, 2.36753006e+02, 1.12131004e+02, 2.52588364e+02,
    1.12620613e+02, 2.68491669e+02, 1.13214096e+02, 2.85025757e+02,
    9.35390320e+01, 2.05929031e+02, 9.37544098e+01, 2.21826645e+02,
    9.43753891e+01, 2.37818390e+02, 9.48305817e+01, 2.54034210e+02,
    9.54204025e+01, 2.70301361e+02, 9.57369690e+01, 2.86807251e+02 ]
