%YAML:1.0
---
points: [ 1.14739111e+03, 5.14377014e+02, 1.14487451e+03, 5.46301208e+02,
    1.14256897e+03, 5.78035950e+02, 1.14050562e+03, 6.09947388e+02,
    1.13790576e+03, 6.42147888e+02, 1.13586572e+03, 6.74875061e+02,
    1.11909338e+03, 5.14440674e+02, 1.11687939e+03, 5.45824219e+02,
    1.11461426e+03, 5.77003662e+02, 1.11235669e+03, 6.08296204e+02,
    1.10923267e+03, 6.39729431e+02, 1.10710315e+03, 6.71694092e+02,
    1.09210107e+03, 5.14520569e+02, 1.08983459e+03, 5.45362671e+02,
    1.08714160e+03, 5.75908264e+02, 1.08445947e+03, 6.06583313e+02,
    1.08123364e+03, 6.37500488e+02, 1.07935986e+03, 6.69065125e+02,
    1.06545740e+03, 5.14401184e+02, 1.06311804e+03, 5.44673157e+02,
    1.06028784e+03, 5.74751465e+02, 1.05752905e+03, 6.04802185e+02,
    1.05428271e+03, 6.35188232e+02, 1.05247595e+03, 6.66276733e+02,
    1.03908875e+03, 5.14300842e+02, 1.03687207e+03, 5.44194763e+02,
    1.03387280e+03, 5.73612305e+02, 1.03116785e+03, 6.03210266e+02,
    1.02792615e+03, 6.33112549e+02, 1.02605432e+03, 6.63571594e+02,
    1.01385809e+03, 5.14072998e+02, 1.01190979e+03, 5.43623474e+02,
    1.00873383e+03, 5.72447205e+02, 1.00579712e+03, 6.01687134e+02,
    1.00287695e+03, 6.30917175e+02, 1.00061200e+03, 6.61026184e+02,
    9.89440063e+02, 5.13901917e+02, 9.87378235e+02, 5.42942383e+02,
    9.84534668e+02, 5.71425781e+02, 9.81593994e+02, 6.00234741e+02,
    9.78765442e+02, 6.29083740e+02, 9.76097900e+02, 6.58551758e+02,
    9.65649109e+02, 5.13713440e+02, 9.63916382e+02, 5.42261169e+02,
    9.60856750e+02, 5.70478210e+02, 9.58307800e+02, 5.98592529e+02,
    9.55393982e+02, 6.27268188e+02, 9.52735535e+02, 6.56075867e+02,
    9.43140076e+02, 5.13700195e+02, 9.40702209e+02, 5.41667542e+02,
    9.38067078e+02, 5.69467590e+02, 9.35440735e+02, 5.97334595e+02,
    9.32638489e+02, 6.25200562e+02, 9.30616455e+02, 6.53895447e+02 ]
