%YAML:1.0
---
points: [ 2.81920013e+02, 2.30762314e+02, 2.77399902e+02, 2.46359894e+02,
    2.72587769e+02, 2.62063446e+02, 2.67389038e+02, 2.78225739e+02,
    2.62564697e+02, 2.94939667e+02, 2.56933807e+02, 3.12429291e+02,
    2.70472626e+02, 2.24578583e+02, 2.65288269e+02, 2.40312271e+02,
    2.60101440e+02, 2.56433411e+02, 2.54836975e+02, 2.72862244e+02,
    2.49822983e+02, 2.89913818e+02, 2.44101364e+02, 3.07577637e+02,
    2.58161407e+02, 2.17956497e+02, 2.52668945e+02, 2.33988098e+02,
    2.47220917e+02, 2.50363571e+02, 2.41843079e+02, 2.67257141e+02,
    2.36701828e+02, 2.84799591e+02, 2.30328308e+02, 3.02697998e+02,
    2.45317383e+02, 2.11067459e+02, 2.39644943e+02, 2.27375519e+02,
    2.33935455e+02, 2.44179977e+02, 2.28324112e+02, 2.61242981e+02,
    2.22656570e+02, 2.79186310e+02, 2.15911407e+02, 2.97671570e+02,
    2.31997513e+02, 2.03659210e+02, 2.25699417e+02, 2.20375900e+02,
    2.19890945e+02, 2.37340439e+02, 2.13819931e+02, 2.54982025e+02,
    2.07718033e+02, 2.73313385e+02, 2.00580154e+02, 2.92155884e+02,
    2.17969070e+02, 1.95995285e+02, 2.11308090e+02, 2.13016739e+02,
    2.05164993e+02, 2.30452316e+02, 1.98720215e+02, 2.48408447e+02,
    1.91965393e+02, 2.67087860e+02, 1.84364212e+02, 2.86506012e+02,
    2.03156006e+02, 1.87738144e+02, 1.96121490e+02, 2.05296661e+02,
    1.89534622e+02, 2.23089264e+02, 1.82503540e+02, 2.41433472e+02,
    1.75086349e+02, 2.60486877e+02, 1.67173218e+02, 2.80526154e+02,
    1.87445129e+02, 1.79104706e+02, 1.80067337e+02, 1.97032333e+02,
    1.72882950e+02, 2.15169693e+02, 1.65164047e+02, 2.34009872e+02,
    1.57239151e+02, 2.53571579e+02, 1.48790695e+02, 2.73973145e+02,
    1.70793304e+02, 1.70232559e+02, 1.62827332e+02, 1.88245956e+02,
    1.54974258e+02, 2.06814682e+02, 1.46660690e+02, 2.26283157e+02,
    1.38206848e+02, 2.46167801e+02, 1.28856888e+02, 2.67165527e+02 ]
