%YAML:1.0
---
points: [ 9.69315979e+02, 6.10708923e+02, 9.54569458e+02, 6.55220886e+02,
    9.39531311e+02, 7.00477661e+02, 9.23247437e+02, 7.46766785e+02,
    9.07776550e+02, 7.94654236e+02, 8.90523376e+02, 8.44419983e+02,
    9.34683960e+02, 5.92335266e+02, 9.18519836e+02, 6.37564331e+02,
    9.02092957e+02, 6.83654724e+02, 8.85455017e+02, 7.30954651e+02,
    8.69698181e+02, 7.79866638e+02, 8.51433350e+02, 8.30565552e+02,
    8.97718933e+02, 5.72858032e+02, 8.80458801e+02, 6.19093323e+02,
    8.63452881e+02, 6.66095581e+02, 8.46560303e+02, 7.14443726e+02,
    8.29843323e+02, 7.64482971e+02, 8.10164307e+02, 8.16176697e+02,
    8.59351379e+02, 5.52561646e+02, 8.41378723e+02, 5.99680969e+02,
    8.23538208e+02, 6.47481323e+02, 8.05690308e+02, 6.96912170e+02,
    7.87743042e+02, 7.48043091e+02, 7.66744385e+02, 8.01024658e+02,
    8.19222046e+02, 5.30862244e+02, 7.99674866e+02, 5.78873840e+02,
    7.81105835e+02, 6.27780212e+02, 7.62146240e+02, 6.78357117e+02,
    7.42695251e+02, 7.30586304e+02, 7.20435852e+02, 7.84799255e+02,
    7.77177734e+02, 5.08243866e+02, 7.56379761e+02, 5.57342468e+02,
    7.36738892e+02, 6.07221191e+02, 7.16597046e+02, 6.58835693e+02,
    6.95376160e+02, 7.12331543e+02, 6.72175720e+02, 7.68110596e+02,
    7.32462830e+02, 4.84213470e+02, 7.10500366e+02, 5.34387817e+02,
    6.89510132e+02, 5.85359253e+02, 6.67512207e+02, 6.38233276e+02,
    6.44796143e+02, 6.92880249e+02, 6.20153015e+02, 7.50166992e+02,
    6.85667664e+02, 4.58757080e+02, 6.62336060e+02, 5.10150116e+02,
    6.39611084e+02, 5.62370728e+02, 6.15796570e+02, 6.16300232e+02,
    5.91125305e+02, 6.72365356e+02, 5.65102722e+02, 7.31020081e+02,
    6.34918335e+02, 4.31981506e+02, 6.10665588e+02, 4.84219482e+02,
    5.86382202e+02, 5.37630188e+02, 5.60557312e+02, 5.93122803e+02,
    5.34010132e+02, 6.50399902e+02, 5.05153778e+02, 7.10353882e+02 ]
