%YAML:1.0
---
points: [ 1.14735205e+03, 5.14373962e+02, 1.14482690e+03, 5.46258606e+02,
    1.14254749e+03, 5.77989929e+02, 1.14051453e+03, 6.09918640e+02,
    1.13786890e+03, 6.42134766e+02, 1.13582520e+03, 6.74842224e+02,
    1.11896436e+03, 5.14417480e+02, 1.11685034e+03, 5.45788574e+02,
    1.11455627e+03, 5.76919983e+02, 1.11230762e+03, 6.08268311e+02,
    1.10923230e+03, 6.39672668e+02, 1.10704968e+03, 6.71631775e+02,
    1.09202698e+03, 5.14457397e+02, 1.08979871e+03, 5.45365173e+02,
    1.08708130e+03, 5.75918579e+02, 1.08443323e+03, 6.06585266e+02,
    1.08118237e+03, 6.37506226e+02, 1.07931445e+03, 6.69023987e+02,
    1.06539136e+03, 5.14359741e+02, 1.06304138e+03, 5.44642883e+02,
    1.06026733e+03, 5.74729431e+02, 1.05749048e+03, 6.04790527e+02,
    1.05428528e+03, 6.35147583e+02, 1.05244226e+03, 6.66262939e+02,
    1.03900024e+03, 5.14263855e+02, 1.03680713e+03, 5.44157166e+02,
    1.03381152e+03, 5.73570862e+02, 1.03114026e+03, 6.03185669e+02,
    1.02782007e+03, 6.33112061e+02, 1.02603699e+03, 6.63563477e+02,
    1.01380475e+03, 5.14090576e+02, 1.01185803e+03, 5.43641418e+02,
    1.00869061e+03, 5.72439026e+02, 1.00578088e+03, 6.01599365e+02,
    1.00284161e+03, 6.30859436e+02, 1.00058087e+03, 6.60965271e+02,
    9.89383911e+02, 5.13867493e+02, 9.87356812e+02, 5.42925842e+02,
    9.84484375e+02, 5.71424500e+02, 9.81528870e+02, 6.00187683e+02,
    9.78747131e+02, 6.29010681e+02, 9.76058289e+02, 6.58554016e+02,
    9.65641785e+02, 5.13763000e+02, 9.63851990e+02, 5.42247986e+02,
    9.60777832e+02, 5.70460449e+02, 9.58261292e+02, 5.98573914e+02,
    9.55367126e+02, 6.27192200e+02, 9.52704651e+02, 6.56087585e+02,
    9.43153259e+02, 5.13654846e+02, 9.40662354e+02, 5.41622253e+02,
    9.37962280e+02, 5.69429443e+02, 9.35416504e+02, 5.97308350e+02,
    9.32612183e+02, 6.25217041e+02, 9.30623169e+02, 6.53840637e+02 ]
