%YAML:1.0
---
points: [ 2.91278625e+02, 2.01802048e+02, 2.91240234e+02, 2.16717087e+02,
    2.91128967e+02, 2.31865448e+02, 2.90934174e+02, 2.46737411e+02,
    2.90908783e+02, 2.62159149e+02, 2.90796875e+02, 2.77783234e+02,
    2.76792236e+02, 2.01862946e+02, 2.76565186e+02, 2.16819321e+02,
    2.76381500e+02, 2.31681335e+02, 2.76360382e+02, 2.46537201e+02,
    2.75915283e+02, 2.61682678e+02, 2.75847321e+02, 2.77138519e+02,
    2.62582886e+02, 2.02205399e+02, 2.62306061e+02, 2.16911743e+02,
    2.62047241e+02, 2.31524963e+02, 2.61702057e+02, 2.46162354e+02,
    2.61370331e+02, 2.61152069e+02, 2.61157196e+02, 2.76582123e+02,
    2.48567307e+02, 2.02356415e+02, 2.48322708e+02, 2.16898987e+02,
    2.47767899e+02, 2.31422775e+02, 2.47507294e+02, 2.45909363e+02,
    2.46872147e+02, 2.60895508e+02, 2.46697708e+02, 2.76009613e+02,
    2.34529572e+02, 2.02604019e+02, 2.34142761e+02, 2.16944992e+02,
    2.33656464e+02, 2.31118317e+02, 2.33246307e+02, 2.45853989e+02,
    2.32600540e+02, 2.60442657e+02, 2.32371704e+02, 2.75552734e+02,
    2.20879257e+02, 2.02704529e+02, 2.20625412e+02, 2.16935272e+02,
    2.19971710e+02, 2.30981308e+02, 2.19377579e+02, 2.45631927e+02,
    2.18740021e+02, 2.60018433e+02, 2.18325134e+02, 2.75025848e+02,
    2.07428177e+02, 2.02737061e+02, 2.07151611e+02, 2.16887802e+02,
    2.06392700e+02, 2.30979019e+02, 2.05747116e+02, 2.45308334e+02,
    2.05185776e+02, 2.59855408e+02, 2.04569031e+02, 2.74670837e+02,
    1.94196304e+02, 2.02898315e+02, 1.93820328e+02, 2.16960205e+02,
    1.93172363e+02, 2.30954224e+02, 1.92459656e+02, 2.45144073e+02,
    1.91685547e+02, 2.59513977e+02, 1.91157288e+02, 2.74175323e+02,
    1.81301422e+02, 2.03153976e+02, 1.80800034e+02, 2.16966888e+02,
    1.80079254e+02, 2.30882446e+02, 1.79381180e+02, 2.44926605e+02,
    1.78653763e+02, 2.59111359e+02, 1.78049728e+02, 2.73808167e+02 ]
