%YAML:1.0
---
points: [ 2.80552124e+02, 2.30698410e+02, 2.76158478e+02, 2.45987518e+02,
    2.71600098e+02, 2.61526917e+02, 2.66665710e+02, 2.77581665e+02,
    2.62004944e+02, 2.94156921e+02, 2.56475586e+02, 3.11496094e+02,
    2.69067352e+02, 2.24432373e+02, 2.64099518e+02, 2.39851913e+02,
    2.59124939e+02, 2.55731812e+02, 2.54133438e+02, 2.72099609e+02,
    2.49257538e+02, 2.88946594e+02, 2.43617523e+02, 3.06545197e+02,
    2.56869904e+02, 2.17725540e+02, 2.51558701e+02, 2.33503387e+02,
    2.46286316e+02, 2.49580215e+02, 2.41094788e+02, 2.66339722e+02,
    2.36117386e+02, 2.83516754e+02, 2.29864655e+02, 3.01479462e+02,
    2.44121338e+02, 2.10679749e+02, 2.38568146e+02, 2.26732208e+02,
    2.33123566e+02, 2.43227356e+02, 2.27706100e+02, 2.60124512e+02,
    2.22056854e+02, 2.77769287e+02, 2.15480515e+02, 2.96071167e+02,
    2.30877625e+02, 2.03253067e+02, 2.24758591e+02, 2.19611542e+02,
    2.19099243e+02, 2.36266159e+02, 2.13216797e+02, 2.53707306e+02,
    2.07199356e+02, 2.71671692e+02, 2.00150726e+02, 2.90389587e+02,
    2.16926849e+02, 1.95432510e+02, 2.10497574e+02, 2.12165512e+02,
    2.04533569e+02, 2.29249405e+02, 1.98190094e+02, 2.46885910e+02,
    1.91573868e+02, 2.65242676e+02, 1.84128311e+02, 2.84399902e+02,
    2.02360260e+02, 1.87231064e+02, 1.95421371e+02, 2.04289062e+02,
    1.88972260e+02, 2.21682449e+02, 1.82080231e+02, 2.39736862e+02,
    1.74902527e+02, 2.58516907e+02, 1.67093903e+02, 2.78162109e+02,
    1.86755692e+02, 1.78470947e+02, 1.79562195e+02, 1.95990341e+02,
    1.72583267e+02, 2.13690063e+02, 1.65018616e+02, 2.32233337e+02,
    1.57156784e+02, 2.51341187e+02, 1.48829865e+02, 2.71419037e+02,
    1.70285416e+02, 1.69579987e+02, 1.62624939e+02, 1.87073257e+02,
    1.54891373e+02, 2.05276428e+02, 1.46708862e+02, 2.24249847e+02,
    1.38342880e+02, 2.43665863e+02, 1.29070312e+02, 2.64391846e+02 ]
