%YAML:1.0
---
points: [ 6.64261414e+02, 5.25242615e+02, 6.71185425e+02, 5.65545898e+02,
    6.78120056e+02, 6.06321960e+02, 6.84634583e+02, 6.47727783e+02,
    6.92171265e+02, 6.89414978e+02, 6.99175293e+02, 7.32883911e+02,
    6.23712952e+02, 5.26945557e+02, 6.30409302e+02, 5.68421936e+02,
    6.37211609e+02, 6.10177185e+02, 6.43908691e+02, 6.52505249e+02,
    6.51715698e+02, 6.95386475e+02, 6.58450378e+02, 7.39854309e+02,
    5.80939209e+02, 5.28666382e+02, 5.87404297e+02, 5.71250366e+02,
    5.94206543e+02, 6.13992310e+02, 6.01399109e+02, 6.57401855e+02,
    6.08939270e+02, 7.01521729e+02, 6.15283691e+02, 7.47535156e+02,
    5.36416809e+02, 5.29865601e+02, 5.42771912e+02, 5.73850830e+02,
    5.49304932e+02, 6.17895447e+02, 5.56106750e+02, 6.62462463e+02,
    5.63638428e+02, 7.07948059e+02, 5.69587097e+02, 7.55480042e+02,
    4.88672333e+02, 5.30971069e+02, 4.94593323e+02, 5.76548889e+02,
    5.01107910e+02, 6.21898132e+02, 5.07618286e+02, 6.67989258e+02,
    5.14556091e+02, 7.14963562e+02, 5.20435730e+02, 7.64338806e+02,
    4.38662933e+02, 5.32390320e+02, 4.43998810e+02, 5.79531311e+02,
    4.50253662e+02, 6.26096313e+02, 4.56668091e+02, 6.73704041e+02,
    4.63207062e+02, 7.22479492e+02, 4.69088287e+02, 7.73168884e+02,
    3.85217224e+02, 5.33730469e+02, 3.90366791e+02, 5.82326660e+02,
    3.96219147e+02, 6.30525269e+02, 4.02040253e+02, 6.80168396e+02,
    4.07869232e+02, 7.30409119e+02, 4.13628601e+02, 7.82769775e+02,
    3.28651093e+02, 5.34983093e+02, 3.33317322e+02, 5.85491333e+02,
    3.38654877e+02, 6.35466064e+02, 3.44058044e+02, 6.86664246e+02,
    3.49464874e+02, 7.39064636e+02, 3.54718475e+02, 7.93017944e+02,
    2.68032227e+02, 5.37021790e+02, 2.72437653e+02, 5.88544067e+02,
    2.77284271e+02, 6.40454895e+02, 2.81970032e+02, 6.93570679e+02,
    2.86858673e+02, 7.47915955e+02, 2.91608002e+02, 8.04119019e+02 ]
