%YAML:1.0
---
points: [ 9.65955139e+02, 6.10461243e+02, 9.51865295e+02, 6.54323914e+02,
    9.37316284e+02, 6.99181396e+02, 9.21605530e+02, 7.44979736e+02,
    9.06562927e+02, 7.92571594e+02, 8.89566345e+02, 8.41990051e+02,
    9.31607788e+02, 5.91763062e+02, 9.15894287e+02, 6.36462158e+02,
    9.00134338e+02, 6.81943909e+02, 8.83994263e+02, 7.28670959e+02,
    8.68517456e+02, 7.77273254e+02, 8.50499756e+02, 8.27546692e+02,
    8.94774231e+02, 5.72190369e+02, 8.78238342e+02, 6.17537109e+02,
    8.61643250e+02, 6.63805359e+02, 8.45255737e+02, 7.11479980e+02,
    8.28780640e+02, 7.61085266e+02, 8.09349365e+02, 8.12452332e+02,
    8.56684998e+02, 5.51543152e+02, 8.39357483e+02, 5.97814392e+02,
    8.21966675e+02, 6.44970764e+02, 8.04615417e+02, 6.93642639e+02,
    7.86842651e+02, 7.44074219e+02, 7.66175049e+02, 7.96584106e+02,
    8.16888184e+02, 5.29581970e+02, 7.98063782e+02, 5.76679932e+02,
    7.79905029e+02, 6.24711609e+02, 7.61257446e+02, 6.74392944e+02,
    7.42055786e+02, 7.26135925e+02, 7.19929016e+02, 7.79640442e+02,
    7.75392578e+02, 5.06706818e+02, 7.55150696e+02, 5.54745605e+02,
    7.35856750e+02, 6.03706482e+02, 7.16070190e+02, 6.54442139e+02,
    6.95034973e+02, 7.07138184e+02, 6.72084351e+02, 7.62286987e+02,
    7.31394348e+02, 4.82532837e+02, 7.09840576e+02, 5.31531616e+02,
    6.89268860e+02, 5.81515991e+02, 6.67532776e+02, 6.33347351e+02,
    6.45051636e+02, 6.87103333e+02, 6.20592224e+02, 7.43498657e+02,
    6.85227234e+02, 4.57181641e+02, 6.62298218e+02, 5.06992798e+02,
    6.39945557e+02, 5.58093994e+02, 6.16457947e+02, 6.10955872e+02,
    5.92025940e+02, 6.65917725e+02, 5.66132507e+02, 7.23672546e+02,
    6.35354492e+02, 4.30199341e+02, 6.11475708e+02, 4.80858734e+02,
    5.87572632e+02, 5.33014099e+02, 5.61981445e+02, 5.87310791e+02,
    5.35597595e+02, 6.43440796e+02, 5.06984436e+02, 7.02408203e+02 ]
