%YAML:1.0
---
points: [ 2.70089386e+02, 2.07208969e+02, 2.71634857e+02, 2.20330566e+02,
    2.73116608e+02, 2.32872253e+02, 2.74480835e+02, 2.44871201e+02,
    2.75847565e+02, 2.56521790e+02, 2.77180603e+02, 2.67731140e+02,
    2.55712662e+02, 2.08692993e+02, 2.57352783e+02, 2.21717438e+02,
    2.59100250e+02, 2.34112427e+02, 2.60703094e+02, 2.46033386e+02,
    2.62283356e+02, 2.57900909e+02, 2.63755859e+02, 2.68869415e+02,
    2.41241409e+02, 2.10170563e+02, 2.43256317e+02, 2.23049652e+02,
    2.45151611e+02, 2.35496780e+02, 2.47025574e+02, 2.47664108e+02,
    2.48743683e+02, 2.59446289e+02, 2.50529175e+02, 2.70274658e+02,
    2.27012924e+02, 2.11684326e+02, 2.29134903e+02, 2.24641693e+02,
    2.31261444e+02, 2.37141510e+02, 2.33240341e+02, 2.49139343e+02,
    2.35303482e+02, 2.60831268e+02, 2.37227188e+02, 2.71705383e+02,
    2.12540802e+02, 2.13550629e+02, 2.14896667e+02, 2.26268036e+02,
    2.17281631e+02, 2.38713699e+02, 2.19554840e+02, 2.50645309e+02,
    2.21635895e+02, 2.62254608e+02, 2.23827805e+02, 2.73168823e+02,
    1.98192917e+02, 2.15192810e+02, 2.00994522e+02, 2.27812836e+02,
    2.03446106e+02, 2.40246628e+02, 2.05897491e+02, 2.52237411e+02,
    2.08270615e+02, 2.63727478e+02, 2.10603073e+02, 2.74722687e+02,
    1.83899765e+02, 2.16868317e+02, 1.86876480e+02, 2.29364655e+02,
    1.89575241e+02, 2.41831192e+02, 1.92232422e+02, 2.53644119e+02,
    1.94870255e+02, 2.65097992e+02, 1.97459259e+02, 2.76112244e+02,
    1.69642776e+02, 2.18493393e+02, 1.72911392e+02, 2.31031677e+02,
    1.75837204e+02, 2.43327988e+02, 1.78727814e+02, 2.55144333e+02,
    1.81523254e+02, 2.66395538e+02, 1.84249619e+02, 2.77469025e+02,
    1.55344711e+02, 2.19952164e+02, 1.58856720e+02, 2.32678848e+02,
    1.62081238e+02, 2.44916260e+02, 1.65218277e+02, 2.56504211e+02,
    1.68212341e+02, 2.67788452e+02, 1.71285507e+02, 2.78481567e+02 ]
