%YAML:1.0
---
points: [ 2.33517105e+02, 2.07677383e+02, 2.33951889e+02, 2.26927597e+02,
    2.34119720e+02, 2.45455368e+02, 2.34306946e+02, 2.64420715e+02,
    2.34822693e+02, 2.83732849e+02, 2.35055573e+02, 3.03337250e+02,
    2.14713211e+02, 2.07948654e+02, 2.15011917e+02, 2.26963593e+02,
    2.15416489e+02, 2.46001770e+02, 2.15705276e+02, 2.64915192e+02,
    2.15683044e+02, 2.84447449e+02, 2.15944489e+02, 3.04172516e+02,
    1.95902985e+02, 2.08548203e+02, 1.96100800e+02, 2.27675934e+02,
    1.96251236e+02, 2.46372070e+02, 1.96372803e+02, 2.65739197e+02,
    1.96418854e+02, 2.85260651e+02, 1.96505600e+02, 3.05058594e+02,
    1.76816238e+02, 2.08882339e+02, 1.77094803e+02, 2.27905838e+02,
    1.76931122e+02, 2.47170441e+02, 1.76881226e+02, 2.66347809e+02,
    1.76880554e+02, 2.86026123e+02, 1.77006546e+02, 3.05961182e+02,
    1.57238754e+02, 2.09122208e+02, 1.57103012e+02, 2.28524445e+02,
    1.57124893e+02, 2.47726791e+02, 1.57116333e+02, 2.67172546e+02,
    1.56691376e+02, 2.86921173e+02, 1.57009872e+02, 3.06817230e+02,
    1.37351837e+02, 2.09511719e+02, 1.37569504e+02, 2.28959290e+02,
    1.37273483e+02, 2.48254669e+02, 1.37021057e+02, 2.67903687e+02,
    1.36846161e+02, 2.87773804e+02, 1.36738388e+02, 3.07767242e+02,
    1.17379044e+02, 2.09776001e+02, 1.17391418e+02, 2.29419067e+02,
    1.17226303e+02, 2.48974274e+02, 1.16938622e+02, 2.68657166e+02,
    1.16649811e+02, 2.88455688e+02, 1.16528023e+02, 3.08716736e+02,
    9.70242538e+01, 2.10132309e+02, 9.72924576e+01, 2.29839203e+02,
    9.69252930e+01, 2.49482346e+02, 9.66036148e+01, 2.69225891e+02,
    9.65091400e+01, 2.89069763e+02, 9.64369888e+01, 3.09302307e+02,
    7.72507324e+01, 2.10695389e+02, 7.70403671e+01, 2.30211136e+02,
    7.66137543e+01, 2.49915634e+02, 7.63970108e+01, 2.69831421e+02,
    7.62968216e+01, 2.89835632e+02, 7.65314178e+01, 3.09856995e+02 ]
