%YAML:1.0
---
points: [ 1.06746191e+03, 5.34779602e+02, 1.06917993e+03, 5.89441650e+02,
    1.07062317e+03, 6.45253357e+02, 1.07235107e+03, 7.02519592e+02,
    1.07438477e+03, 7.61254456e+02, 1.07606250e+03, 8.22799561e+02,
    1.01240186e+03, 5.35572998e+02, 1.01322662e+03, 5.90450745e+02,
    1.01403162e+03, 6.45845032e+02, 1.01515564e+03, 7.02803955e+02,
    1.01618475e+03, 7.61424072e+02, 1.01700757e+03, 8.22765015e+02,
    9.57515808e+02, 5.36570862e+02, 9.57657654e+02, 5.91192505e+02,
    9.57698975e+02, 6.46360535e+02, 9.57778442e+02, 7.03078125e+02,
    9.57851440e+02, 7.61506104e+02, 9.58014526e+02, 8.22806335e+02,
    9.02689148e+02, 5.37019348e+02, 9.02169556e+02, 5.91472412e+02,
    9.01508972e+02, 6.46533813e+02, 9.00748779e+02, 7.03270386e+02,
    8.99827026e+02, 7.61621765e+02, 8.99114136e+02, 8.22820007e+02,
    8.47514099e+02, 5.37250244e+02, 8.46197266e+02, 5.91775513e+02,
    8.44560242e+02, 6.46681152e+02, 8.43007935e+02, 7.03401245e+02,
    8.41150085e+02, 7.61820679e+02, 8.39618835e+02, 8.23132935e+02,
    7.92793945e+02, 5.37401978e+02, 7.90961609e+02, 5.92200317e+02,
    7.88507629e+02, 6.46879272e+02, 7.85890747e+02, 7.03517212e+02,
    7.83314514e+02, 7.62115356e+02, 7.80830688e+02, 8.23363281e+02,
    7.38145203e+02, 5.37607178e+02, 7.35589417e+02, 5.92345764e+02,
    7.32438538e+02, 6.47232483e+02, 7.29005554e+02, 7.03890198e+02,
    7.25448669e+02, 7.62411011e+02, 7.22093445e+02, 8.23625061e+02,
    6.83402100e+02, 5.37718628e+02, 6.80436157e+02, 5.92486816e+02,
    6.76273010e+02, 6.47623047e+02, 6.72204651e+02, 7.04273315e+02,
    6.67973022e+02, 7.62724365e+02, 6.63543396e+02, 8.23982544e+02,
    6.28679810e+02, 5.38381470e+02, 6.24613464e+02, 5.92618774e+02,
    6.19869324e+02, 6.47857666e+02, 6.15207275e+02, 7.04687866e+02,
    6.10213318e+02, 7.63244690e+02, 6.05682861e+02, 8.24320374e+02 ]
