%YAML:1.0
---
points: [ 2.65802612e+02, 2.01128510e+02, 2.66790161e+02, 2.14585083e+02,
    2.67846863e+02, 2.28260452e+02, 2.68738495e+02, 2.42135681e+02,
    2.70012878e+02, 2.56411774e+02, 2.70883759e+02, 2.71370514e+02,
    2.52150085e+02, 2.01616989e+02, 2.52858658e+02, 2.15045609e+02,
    2.53769684e+02, 2.28900330e+02, 2.54651245e+02, 2.42844162e+02,
    2.55615967e+02, 2.57053680e+02, 2.56715820e+02, 2.72017822e+02,
    2.38325577e+02, 2.02032516e+02, 2.38978165e+02, 2.15757004e+02,
    2.39687744e+02, 2.29337631e+02, 2.40453156e+02, 2.43430405e+02,
    2.41278915e+02, 2.57770264e+02, 2.41902191e+02, 2.72848877e+02,
    2.24483902e+02, 2.02451614e+02, 2.24868027e+02, 2.15997620e+02,
    2.25466080e+02, 2.30031906e+02, 2.26101059e+02, 2.43940735e+02,
    2.26617844e+02, 2.58258881e+02, 2.27173050e+02, 2.73506683e+02,
    2.10192261e+02, 2.02683945e+02, 2.10392899e+02, 2.16576202e+02,
    2.10863693e+02, 2.30307343e+02, 2.11436066e+02, 2.44492432e+02,
    2.11702515e+02, 2.59007416e+02, 2.12093674e+02, 2.74180878e+02,
    1.95805374e+02, 2.02938126e+02, 1.96170059e+02, 2.16898651e+02,
    1.96365280e+02, 2.30829865e+02, 1.96460800e+02, 2.44981873e+02,
    1.96614487e+02, 2.59801208e+02, 1.96777069e+02, 2.75142731e+02,
    1.81441544e+02, 2.02990509e+02, 1.81391815e+02, 2.17249268e+02,
    1.81500778e+02, 2.31302628e+02, 1.81512817e+02, 2.45749603e+02,
    1.81489914e+02, 2.60478729e+02, 1.81370255e+02, 2.75986908e+02,
    1.66522003e+02, 2.03532928e+02, 1.66649017e+02, 2.17806641e+02,
    1.66438446e+02, 2.31863983e+02, 1.66344116e+02, 2.46350815e+02,
    1.66153366e+02, 2.61191803e+02, 1.65885391e+02, 2.76823181e+02,
    1.51841904e+02, 2.03923019e+02, 1.51529968e+02, 2.17980591e+02,
    1.51280624e+02, 2.32319199e+02, 1.50864105e+02, 2.46958298e+02,
    1.50484344e+02, 2.61972351e+02, 1.50082474e+02, 2.77796722e+02 ]
