%YAML:1.0
---
points: [ 8.20779114e+02, 5.43001404e+02, 8.20887817e+02, 5.97464722e+02,
    8.21087097e+02, 6.51726501e+02, 8.21222717e+02, 7.06583618e+02,
    8.21315735e+02, 7.61759888e+02, 8.21312256e+02, 8.18004089e+02,
    7.66497192e+02, 5.43423157e+02, 7.66433411e+02, 5.98097961e+02,
    7.66428894e+02, 6.52624695e+02, 7.66363342e+02, 7.07520447e+02,
    7.65903320e+02, 7.63262085e+02, 7.65696533e+02, 8.19639648e+02,
    7.11853271e+02, 5.43875305e+02, 7.11724243e+02, 5.98671936e+02,
    7.11368286e+02, 6.53557495e+02, 7.10803406e+02, 7.08708862e+02,
    7.10110291e+02, 7.65020325e+02, 7.09643494e+02, 8.21591980e+02,
    6.56661865e+02, 5.44322205e+02, 6.56163757e+02, 5.99349792e+02,
    6.55382935e+02, 6.54576538e+02, 6.54445068e+02, 7.10205322e+02,
    6.53429138e+02, 7.66583862e+02, 6.52958679e+02, 8.23571472e+02,
    5.99668274e+02, 5.44645020e+02, 5.99010681e+02, 6.00212830e+02,
    5.97906921e+02, 6.55559509e+02, 5.96606445e+02, 7.11719238e+02,
    5.95212952e+02, 7.68451965e+02, 5.94763184e+02, 8.25715820e+02,
    5.42670593e+02, 5.44976990e+02, 5.42211731e+02, 6.00876709e+02,
    5.40386230e+02, 6.56561523e+02, 5.38735107e+02, 7.13169678e+02,
    5.37318420e+02, 7.70178955e+02, 5.36175171e+02, 8.28168823e+02,
    4.84599274e+02, 5.45413574e+02, 4.83836395e+02, 6.01640259e+02,
    4.81949707e+02, 6.57799622e+02, 4.80386108e+02, 7.14455322e+02,
    4.78435638e+02, 7.71721375e+02, 4.77082092e+02, 8.30111755e+02,
    4.25770081e+02, 5.45599548e+02, 4.24980042e+02, 6.02386719e+02,
    4.22965240e+02, 6.58966125e+02, 4.21247955e+02, 7.15853088e+02,
    4.19306305e+02, 7.73478149e+02, 4.17621124e+02, 8.32324829e+02,
    3.66796478e+02, 5.46223083e+02, 3.65249054e+02, 6.02983154e+02,
    3.63171844e+02, 6.59840271e+02, 3.61279114e+02, 7.17336304e+02,
    3.59465057e+02, 7.75143799e+02, 3.58676422e+02, 8.33595520e+02 ]
