%YAML:1.0
---
points: [ 9.70896545e+02, 5.58245728e+02, 9.70650269e+02, 6.36855164e+02,
    9.70572632e+02, 7.16648315e+02, 9.70505737e+02, 7.97892456e+02,
    9.70383423e+02, 8.81857422e+02, 9.70265198e+02, 9.68866821e+02,
    8.94446350e+02, 5.58781128e+02, 8.93346069e+02, 6.37036499e+02,
    8.92429504e+02, 7.16178101e+02, 8.91409729e+02, 7.96930176e+02,
    8.89843628e+02, 8.80717041e+02, 8.88673096e+02, 9.66780579e+02,
    8.18683411e+02, 5.59454895e+02, 8.16975525e+02, 6.37214355e+02,
    8.15015015e+02, 7.15664551e+02, 8.12487610e+02, 7.96393311e+02,
    8.09578308e+02, 8.79772522e+02, 8.07687683e+02, 9.65453125e+02,
    7.43543518e+02, 5.59723572e+02, 7.40738770e+02, 6.37203796e+02,
    7.37759399e+02, 7.15373047e+02, 7.34112854e+02, 7.95840820e+02,
    7.30089417e+02, 8.78904846e+02, 7.27498230e+02, 9.64198181e+02,
    6.67289734e+02, 5.59902649e+02, 6.64217651e+02, 6.37234863e+02,
    6.59868652e+02, 7.15184814e+02, 6.55204834e+02, 7.95553711e+02,
    6.49877502e+02, 8.78230103e+02, 6.46745972e+02, 9.63021912e+02,
    5.92380310e+02, 5.60221802e+02, 5.88937134e+02, 6.37332886e+02,
    5.83242737e+02, 7.15036865e+02, 5.77397583e+02, 7.95193542e+02,
    5.71605713e+02, 8.77318726e+02, 5.66737305e+02, 9.62313782e+02,
    5.17492126e+02, 5.60445129e+02, 5.13251343e+02, 6.37376282e+02,
    5.06758667e+02, 7.14925354e+02, 5.00672028e+02, 7.94578125e+02,
    4.93757782e+02, 8.76480530e+02, 4.88001282e+02, 9.61034485e+02,
    4.42694885e+02, 5.60469421e+02, 4.38077637e+02, 6.37395386e+02,
    4.31035492e+02, 7.14763367e+02, 4.23981384e+02, 7.94179993e+02,
    4.17213379e+02, 8.75600830e+02, 4.10378540e+02, 9.59662720e+02,
    3.69370911e+02, 5.60969543e+02, 3.62860626e+02, 6.37362183e+02,
    3.55298859e+02, 7.14565552e+02, 3.48416351e+02, 7.93601135e+02,
    3.40648376e+02, 8.74619202e+02, 3.35282990e+02, 9.57277222e+02 ]
