%YAML:1.0
---
points: [ 1.51255875e+02, 2.01534317e+02, 1.52499435e+02, 2.13757294e+02,
    1.53674667e+02, 2.25965744e+02, 1.54885452e+02, 2.38487640e+02,
    1.56160980e+02, 2.51125092e+02, 1.57207306e+02, 2.64327057e+02,
    1.38183426e+02, 2.01902008e+02, 1.39277588e+02, 2.14439911e+02,
    1.40394302e+02, 2.26928925e+02, 1.41515778e+02, 2.39662659e+02,
    1.42768433e+02, 2.52387222e+02, 1.44068848e+02, 2.65775208e+02,
    1.24745186e+02, 2.02584015e+02, 1.25690758e+02, 2.14960022e+02,
    1.26774773e+02, 2.27766190e+02, 1.27841812e+02, 2.40664429e+02,
    1.29046906e+02, 2.53686081e+02, 1.29926941e+02, 2.67332001e+02,
    1.10861626e+02, 2.02744598e+02, 1.11728287e+02, 2.15724915e+02,
    1.12679115e+02, 2.28723755e+02, 1.13675003e+02, 2.41686951e+02,
    1.14639954e+02, 2.54970093e+02, 1.15583641e+02, 2.68945862e+02,
    9.63494110e+01, 2.03069092e+02, 9.70492783e+01, 2.16356659e+02,
    9.79575119e+01, 2.29454391e+02, 9.88611221e+01, 2.42762894e+02,
    9.97395630e+01, 2.56378265e+02, 1.00453232e+02, 2.70517639e+02,
    8.15433121e+01, 2.03545181e+02, 8.22632980e+01, 2.16899933e+02,
    8.29294662e+01, 2.30258698e+02, 8.37336960e+01, 2.43822250e+02,
    8.45396042e+01, 2.57765961e+02, 8.52783813e+01, 2.72090759e+02,
    6.65282440e+01, 2.03716187e+02, 6.68831482e+01, 2.17609055e+02,
    6.75619659e+01, 2.30997253e+02, 6.81534576e+01, 2.44930450e+02,
    6.88079681e+01, 2.59043549e+02, 6.94514008e+01, 2.73751465e+02,
    5.07619400e+01, 2.04073929e+02, 5.14310036e+01, 2.18121765e+02,
    5.17747231e+01, 2.31851990e+02, 5.23183746e+01, 2.46058365e+02,
    5.27296371e+01, 2.60473328e+02, 5.34382553e+01, 2.75342926e+02,
    3.50429535e+01, 2.04899750e+02, 3.53729706e+01, 2.18680420e+02,
    3.56574249e+01, 2.32871277e+02, 3.60916290e+01, 2.47176376e+02,
    3.65648155e+01, 2.61906982e+02, 3.68232460e+01, 2.76918762e+02 ]
