%YAML:1.0
---
points: [ 1.08186682e+03, 5.40624390e+02, 1.07283362e+03, 6.03912537e+02,
    1.06406628e+03, 6.68496521e+02, 1.05564136e+03, 7.34646912e+02,
    1.04550012e+03, 8.02432129e+02, 1.03654297e+03, 8.73333008e+02,
    1.02836597e+03, 5.40251038e+02, 1.01937103e+03, 6.01539490e+02,
    1.01044592e+03, 6.63614990e+02, 1.00101147e+03, 7.27171082e+02,
    9.89757385e+02, 7.92044922e+02, 9.80211914e+02, 8.60141968e+02,
    9.78617065e+02, 5.39974792e+02, 9.69420044e+02, 5.98894714e+02,
    9.59481812e+02, 6.58769653e+02, 9.48821167e+02, 7.19608398e+02,
    9.37156311e+02, 7.82283325e+02, 9.27633789e+02, 8.47839294e+02,
    9.30915710e+02, 5.39084778e+02, 9.21373474e+02, 5.96277344e+02,
    9.11125244e+02, 6.53910278e+02, 9.00031250e+02, 7.12896118e+02,
    8.87921387e+02, 7.73255432e+02, 8.78503296e+02, 8.36508423e+02,
    8.84866333e+02, 5.38094971e+02, 8.75629517e+02, 5.93519043e+02,
    8.64817139e+02, 6.49364990e+02, 8.53692017e+02, 7.06430847e+02,
    8.41514587e+02, 7.64863037e+02, 8.32026123e+02, 8.25795349e+02,
    8.42456116e+02, 5.37165100e+02, 8.33445129e+02, 5.91193542e+02,
    8.22227661e+02, 6.45063416e+02, 8.10449768e+02, 7.00213379e+02,
    7.98866211e+02, 7.56805664e+02, 7.88165833e+02, 8.16059570e+02,
    8.02130737e+02, 5.36242432e+02, 7.93103333e+02, 5.88611938e+02,
    7.81787720e+02, 6.41027954e+02, 7.70593323e+02, 6.94635681e+02,
    7.58783997e+02, 7.49602356e+02, 7.47722351e+02, 8.06864136e+02,
    7.63985413e+02, 5.34839966e+02, 7.55020935e+02, 5.86401550e+02,
    7.43929688e+02, 6.37366516e+02, 7.32866394e+02, 6.89412903e+02,
    7.21526917e+02, 7.42755127e+02, 7.09709778e+02, 7.97988403e+02,
    7.28113586e+02, 5.35393921e+02, 7.18672363e+02, 5.84187256e+02,
    7.07788574e+02, 6.33730835e+02, 6.97071777e+02, 6.84458008e+02,
    6.85702148e+02, 7.36267700e+02, 6.75679932e+02, 7.90209656e+02 ]
