%YAML:1.0
---
points: [ 2.96714752e+02, 2.12389542e+02, 2.98132660e+02, 2.40680481e+02,
    2.98325562e+02, 2.67105530e+02, 2.98705627e+02, 2.95785492e+02,
    2.99673279e+02, 3.25012878e+02, 3.00348694e+02, 3.55129425e+02,
    2.69768799e+02, 2.12971695e+02, 2.70593201e+02, 2.39944122e+02,
    2.70300415e+02, 2.67174011e+02, 2.71125580e+02, 2.95290405e+02,
    2.71374115e+02, 3.24851166e+02, 2.71683868e+02, 3.54580048e+02,
    2.43421844e+02, 2.13413147e+02, 2.43429214e+02, 2.40282333e+02,
    2.43712799e+02, 2.67514740e+02, 2.43295898e+02, 2.95379974e+02,
    2.43303268e+02, 3.24795929e+02, 2.43489746e+02, 3.54437622e+02,
    2.17225967e+02, 2.13846893e+02, 2.17072968e+02, 2.40494797e+02,
    2.16546082e+02, 2.67758972e+02, 2.16138657e+02, 2.95734619e+02,
    2.15598755e+02, 3.24714172e+02, 2.15284515e+02, 3.54228149e+02,
    1.90731247e+02, 2.14132980e+02, 1.90226120e+02, 2.40989044e+02,
    1.89506638e+02, 2.68030304e+02, 1.88599976e+02, 2.95997070e+02,
    1.87672516e+02, 3.24741394e+02, 1.87320007e+02, 3.53985382e+02,
    1.64612198e+02, 2.14542511e+02, 1.64077698e+02, 2.41200256e+02,
    1.62749115e+02, 2.68247925e+02, 1.61486313e+02, 2.96101685e+02,
    1.60278076e+02, 3.24724823e+02, 1.59358658e+02, 3.53830688e+02,
    1.38390854e+02, 2.14919998e+02, 1.37498840e+02, 2.41633545e+02,
    1.36093597e+02, 2.68537140e+02, 1.34611771e+02, 2.96159668e+02,
    1.33281921e+02, 3.24501495e+02, 1.32252319e+02, 3.53537140e+02,
    1.12218758e+02, 2.15104813e+02, 1.11400246e+02, 2.41846191e+02,
    1.09673157e+02, 2.68744476e+02, 1.08253250e+02, 2.96147125e+02,
    1.06826164e+02, 3.24138367e+02, 1.05589935e+02, 3.53007477e+02,
    8.70014191e+01, 2.15707245e+02, 8.55530701e+01, 2.41948898e+02,
    8.36354980e+01, 2.68906464e+02, 8.21964722e+01, 2.96031494e+02,
    8.06754608e+01, 3.23866760e+02, 8.00239944e+01, 3.51920197e+02 ]
