%YAML:1.0
---
points: [ 1.15848596e+03, 5.29427429e+02, 1.16488013e+03, 5.79120728e+02,
    1.17125232e+03, 6.29421875e+02, 1.17750342e+03, 6.81346863e+02,
    1.18510999e+03, 7.34138123e+02, 1.19163635e+03, 7.89449707e+02,
    1.11038074e+03, 5.30971558e+02, 1.11590088e+03, 5.81169006e+02,
    1.12171033e+03, 6.31989624e+02, 1.12761060e+03, 6.83781799e+02,
    1.13459827e+03, 7.37177063e+02, 1.14075781e+03, 7.92808472e+02,
    1.06112781e+03, 5.32745422e+02, 1.06627649e+03, 5.83080139e+02,
    1.07151892e+03, 6.34205811e+02, 1.07735974e+03, 6.86542847e+02,
    1.08373181e+03, 7.40245056e+02, 1.08913672e+03, 7.96639038e+02,
    1.01176550e+03, 5.33717651e+02, 1.01636353e+03, 5.84714783e+02,
    1.02124170e+03, 6.36168152e+02, 1.02621277e+03, 6.88992981e+02,
    1.03183337e+03, 7.43420715e+02, 1.03641504e+03, 8.00458557e+02,
    9.61059631e+02, 5.34587463e+02, 9.64684082e+02, 5.86376648e+02,
    9.69031433e+02, 6.38360352e+02, 9.73429565e+02, 6.91750732e+02,
    9.78060791e+02, 7.46605225e+02, 9.81805908e+02, 8.04244690e+02,
    9.09748352e+02, 5.35496033e+02, 9.12762085e+02, 5.87903503e+02,
    9.16436707e+02, 6.40327209e+02, 9.20072083e+02, 6.94346924e+02,
    9.23698242e+02, 7.50020569e+02, 9.27236328e+02, 8.08426880e+02,
    8.57374939e+02, 5.36570007e+02, 8.59639771e+02, 5.89491699e+02,
    8.62468262e+02, 6.42584961e+02, 8.65316956e+02, 6.97227661e+02,
    8.68258423e+02, 7.53611572e+02, 8.70935364e+02, 8.12645447e+02,
    8.04012390e+02, 5.37518921e+02, 8.05737366e+02, 5.91114746e+02,
    8.07622131e+02, 6.44748352e+02, 8.09656128e+02, 7.00221313e+02,
    8.11657715e+02, 7.57103210e+02, 8.13576904e+02, 8.16838623e+02,
    7.49294067e+02, 5.38867188e+02, 7.50362915e+02, 5.92535706e+02,
    7.51508789e+02, 6.46918030e+02, 7.52782349e+02, 7.03087097e+02,
    7.53806030e+02, 7.60867188e+02, 7.54813965e+02, 8.21346375e+02 ]
