%YAML:1.0
---
points: [ 2.94208435e+02, 2.02718369e+02, 2.92662903e+02, 2.18257980e+02,
    2.91202942e+02, 2.34367447e+02, 2.89685791e+02, 2.50681534e+02,
    2.88198944e+02, 2.67421600e+02, 2.86560730e+02, 2.84875793e+02,
    2.79333771e+02, 2.02835205e+02, 2.77753510e+02, 2.18288635e+02,
    2.76125763e+02, 2.34028412e+02, 2.74577820e+02, 2.49943848e+02,
    2.72451141e+02, 2.66174408e+02, 2.70841370e+02, 2.83298767e+02,
    2.65108490e+02, 2.03119385e+02, 2.63318787e+02, 2.18191574e+02,
    2.61513000e+02, 2.33480774e+02, 2.59521240e+02, 2.49075027e+02,
    2.57368042e+02, 2.65024872e+02, 2.55661484e+02, 2.81750610e+02,
    2.51166718e+02, 2.03052551e+02, 2.49331177e+02, 2.18073013e+02,
    2.47309738e+02, 2.32987762e+02, 2.45139206e+02, 2.48144928e+02,
    2.42839615e+02, 2.63915222e+02, 2.40948593e+02, 2.80318024e+02,
    2.37434067e+02, 2.03010406e+02, 2.35515121e+02, 2.17841461e+02,
    2.33368851e+02, 2.32444778e+02, 2.31143311e+02, 2.47441940e+02,
    2.28607132e+02, 2.62885620e+02, 2.26759445e+02, 2.78972626e+02,
    2.24334137e+02, 2.02986603e+02, 2.22539597e+02, 2.17588837e+02,
    2.20093506e+02, 2.31913528e+02, 2.17683884e+02, 2.46809036e+02,
    2.15166672e+02, 2.61912659e+02, 2.12843216e+02, 2.77807007e+02,
    2.11648804e+02, 2.02833786e+02, 2.09639984e+02, 2.17270828e+02,
    2.07159576e+02, 2.31518814e+02, 2.04782318e+02, 2.45973541e+02,
    2.02194077e+02, 2.61038818e+02, 1.99726028e+02, 2.76433807e+02,
    1.99110367e+02, 2.02931870e+02, 1.97225906e+02, 2.16985809e+02,
    1.94781189e+02, 2.30964050e+02, 1.92198456e+02, 2.45381256e+02,
    1.89637039e+02, 2.60053680e+02, 1.87009430e+02, 2.75326599e+02,
    1.87330246e+02, 2.03195297e+02, 1.85070709e+02, 2.16799362e+02,
    1.82580383e+02, 2.30667221e+02, 1.80117493e+02, 2.44815399e+02,
    1.77416183e+02, 2.59134521e+02, 1.74985947e+02, 2.74208008e+02 ]
