%YAML:1.0
---
points: [ 9.57465515e+02, 5.51380188e+02, 9.51812744e+02, 6.21234314e+02,
    9.46594971e+02, 6.91491760e+02, 9.42170776e+02, 7.62915039e+02,
    9.35884460e+02, 8.35901001e+02, 9.30901367e+02, 9.11376221e+02,
    8.98282654e+02, 5.50617004e+02, 8.92750183e+02, 6.18409302e+02,
    8.87475952e+02, 6.86531921e+02, 8.81899109e+02, 7.55589294e+02,
    8.74576782e+02, 8.26546570e+02, 8.69264404e+02, 8.99501770e+02,
    8.42796204e+02, 5.50115234e+02, 8.37146484e+02, 6.15771912e+02,
    8.30897766e+02, 6.81760620e+02, 8.23835571e+02, 7.49082947e+02,
    8.15957092e+02, 8.17868408e+02, 8.10757812e+02, 8.88468445e+02,
    7.89302429e+02, 5.49268433e+02, 7.83174744e+02, 6.13022949e+02,
    7.76471680e+02, 6.77212036e+02, 7.69007446e+02, 7.42750854e+02,
    7.60615112e+02, 8.09540894e+02, 7.55317017e+02, 8.78187805e+02,
    7.37041687e+02, 5.48258728e+02, 7.31479431e+02, 6.10536011e+02,
    7.23777405e+02, 6.72971802e+02, 7.16287598e+02, 7.36697998e+02,
    7.07551697e+02, 8.01813843e+02, 7.02091492e+02, 8.68487122e+02,
    6.88105957e+02, 5.47230347e+02, 6.82723816e+02, 6.08043396e+02,
    6.74638916e+02, 6.69020996e+02, 6.66157349e+02, 7.30994263e+02,
    6.58384583e+02, 7.94455627e+02, 6.51444458e+02, 8.59675110e+02,
    6.41357971e+02, 5.46292664e+02, 6.35656433e+02, 6.05859802e+02,
    6.27597961e+02, 6.65205811e+02, 6.19672058e+02, 7.25671875e+02,
    6.11428589e+02, 7.87475586e+02, 6.04053589e+02, 8.50854919e+02,
    5.96430237e+02, 5.45399109e+02, 5.90887573e+02, 6.03437195e+02,
    5.82803589e+02, 6.61533691e+02, 5.75146851e+02, 7.20590210e+02,
    5.67099243e+02, 7.80842651e+02, 5.59208008e+02, 8.42865845e+02,
    5.54375061e+02, 5.44979309e+02, 5.47838928e+02, 6.01440125e+02,
    5.39780884e+02, 6.58265198e+02, 5.32547546e+02, 7.15926758e+02,
    5.24452148e+02, 7.74583191e+02, 5.18431030e+02, 8.34635742e+02 ]
