%YAML:1.0
---
points: [ 2.88001282e+02, 2.10315384e+02, 2.86558807e+02, 2.34280029e+02,
    2.85336548e+02, 2.58845306e+02, 2.84287231e+02, 2.83625122e+02,
    2.82927704e+02, 3.09188232e+02, 2.81787445e+02, 3.35352234e+02,
    2.66525360e+02, 2.10157379e+02, 2.65153778e+02, 2.33578171e+02,
    2.63852905e+02, 2.57293365e+02, 2.62495178e+02, 2.81306732e+02,
    2.60519135e+02, 3.05945282e+02, 2.59257477e+02, 3.31600861e+02,
    2.46326050e+02, 2.10165939e+02, 2.44851578e+02, 2.33040543e+02,
    2.43204605e+02, 2.55689362e+02, 2.41321518e+02, 2.79232941e+02,
    2.39222992e+02, 3.03232788e+02, 2.37876144e+02, 3.27820801e+02,
    2.27061981e+02, 2.09982971e+02, 2.25390152e+02, 2.32168411e+02,
    2.23408844e+02, 2.54489471e+02, 2.21439224e+02, 2.77153748e+02,
    2.19164017e+02, 3.00536194e+02, 2.17705154e+02, 3.24549347e+02,
    2.08222504e+02, 2.09886688e+02, 2.06485916e+02, 2.31564728e+02,
    2.04453842e+02, 2.53011856e+02, 2.02365234e+02, 2.75386810e+02,
    1.99840637e+02, 2.97965424e+02, 1.98433075e+02, 3.21216949e+02,
    1.90521515e+02, 2.09675293e+02, 1.89149872e+02, 2.31000595e+02,
    1.86734604e+02, 2.51922501e+02, 1.84183319e+02, 2.73719666e+02,
    1.81939972e+02, 2.95633789e+02, 1.79972153e+02, 3.18302490e+02,
    1.73550308e+02, 2.09457153e+02, 1.71922150e+02, 2.30215317e+02,
    1.69572296e+02, 2.50875381e+02, 1.67254456e+02, 2.71971680e+02,
    1.64839310e+02, 2.93391083e+02, 1.62724075e+02, 3.15543213e+02,
    1.57083328e+02, 2.09445587e+02, 1.55765686e+02, 2.29764008e+02,
    1.53373245e+02, 2.49851151e+02, 1.50990479e+02, 2.70456665e+02,
    1.48703903e+02, 2.91343750e+02, 1.46441910e+02, 3.12846527e+02,
    1.42078003e+02, 2.09619095e+02, 1.40158112e+02, 2.29016861e+02,
    1.37791092e+02, 2.48901108e+02, 1.35639450e+02, 2.68856232e+02,
    1.33344391e+02, 2.89365570e+02, 1.31590454e+02, 3.10089081e+02 ]
