%YAML:1.0
---
points: [ 1.07851685e+03, 5.28126099e+02, 1.07363501e+03, 5.74565552e+02,
    1.06899158e+03, 6.21538147e+02, 1.06449060e+03, 6.69802490e+02,
    1.05915686e+03, 7.18510437e+02, 1.05421887e+03, 7.69558899e+02,
    1.03512317e+03, 5.28374878e+02, 1.03021790e+03, 5.73917908e+02,
    1.02528430e+03, 6.19858032e+02, 1.02015759e+03, 6.66766296e+02,
    1.01383649e+03, 7.14404602e+02, 1.00858087e+03, 7.64268188e+02,
    9.93738892e+02, 5.28565308e+02, 9.88434875e+02, 5.73142334e+02,
    9.82749390e+02, 6.18051819e+02, 9.76638672e+02, 6.63687134e+02,
    9.70148865e+02, 7.10402588e+02, 9.64760193e+02, 7.59292236e+02,
    9.53390198e+02, 5.28362732e+02, 9.47663879e+02, 5.72033142e+02,
    9.41593323e+02, 6.16119263e+02, 9.35109314e+02, 6.60797913e+02,
    9.28062012e+02, 7.06594910e+02, 9.22564758e+02, 7.54373596e+02,
    9.13292053e+02, 5.27744629e+02, 9.07670471e+02, 5.70918274e+02,
    9.01331238e+02, 6.13952026e+02, 8.94584839e+02, 6.57947510e+02,
    8.87132202e+02, 7.02739197e+02, 8.81379150e+02, 7.49600647e+02,
    8.75547607e+02, 5.27420471e+02, 8.69964111e+02, 5.69958923e+02,
    8.62922241e+02, 6.12220703e+02, 8.55551941e+02, 6.55030273e+02,
    8.48658264e+02, 6.99271057e+02, 8.41990356e+02, 7.45145569e+02,
    8.38774963e+02, 5.27124756e+02, 8.33063660e+02, 5.68893433e+02,
    8.25939514e+02, 6.10223572e+02, 8.18670898e+02, 6.52639587e+02,
    8.11429016e+02, 6.96061523e+02, 8.04318237e+02, 7.40810791e+02,
    8.02972961e+02, 5.26499695e+02, 7.97456238e+02, 5.67570190e+02,
    7.90402954e+02, 6.08505493e+02, 7.83114258e+02, 6.50060486e+02,
    7.75723511e+02, 6.92656433e+02, 7.68241089e+02, 7.36823242e+02,
    7.69409607e+02, 5.26620056e+02, 7.63147705e+02, 5.66537415e+02,
    7.55609619e+02, 6.06838135e+02, 7.48594116e+02, 6.47791138e+02,
    7.40905151e+02, 6.89674805e+02, 7.34203003e+02, 7.33131775e+02 ]
