%YAML:1.0
---
points: [ 6.49038330e+02, 4.55592987e+02, 6.75335571e+02, 5.17800232e+02,
    7.01939209e+02, 5.80147766e+02, 7.29489197e+02, 6.42765747e+02,
    7.55912476e+02, 7.06499573e+02, 7.84635742e+02, 7.71116577e+02,
    5.98691223e+02, 4.84659912e+02, 6.24766052e+02, 5.45995972e+02,
    6.50927368e+02, 6.06860657e+02, 6.77025024e+02, 6.68548523e+02,
    7.01764526e+02, 7.31551270e+02, 7.29746887e+02, 7.94896912e+02,
    5.50449463e+02, 5.12739990e+02, 5.75794067e+02, 5.72861572e+02,
    6.00553101e+02, 6.32945251e+02, 6.24976807e+02, 6.93859009e+02,
    6.48738281e+02, 7.56105896e+02, 6.76515259e+02, 8.18129150e+02,
    5.02589325e+02, 5.39765808e+02, 5.27271423e+02, 5.99032166e+02,
    5.51238647e+02, 6.58179993e+02, 5.74479187e+02, 7.18393066e+02,
    5.97848755e+02, 7.79477417e+02, 6.24941772e+02, 8.40603821e+02,
    4.54744720e+02, 5.66524109e+02, 4.79564148e+02, 6.24583984e+02,
    5.02455078e+02, 6.83177368e+02, 5.25365173e+02, 7.42312927e+02,
    5.47866211e+02, 8.02597717e+02, 5.74551270e+02, 8.62567688e+02,
    4.09477325e+02, 5.91692261e+02, 4.34337524e+02, 6.48933472e+02,
    4.55940704e+02, 7.06662048e+02, 4.77883148e+02, 7.65296143e+02,
    5.00738678e+02, 8.24370300e+02, 5.25785400e+02, 8.84145081e+02,
    3.65454590e+02, 6.16438965e+02, 3.89599213e+02, 6.72702881e+02,
    4.11025116e+02, 7.29671082e+02, 4.33265533e+02, 7.87154968e+02,
    4.55352905e+02, 8.45408569e+02, 4.79422485e+02, 9.04282776e+02,
    3.22693359e+02, 6.40239624e+02, 3.46596954e+02, 6.95624817e+02,
    3.67746460e+02, 7.51716492e+02, 3.89706268e+02, 8.08325562e+02,
    4.11848206e+02, 8.65310852e+02, 4.34891815e+02, 9.23532837e+02,
    2.82593323e+02, 6.63405823e+02, 3.04764496e+02, 7.17931458e+02,
    3.25789429e+02, 7.73247986e+02, 3.47784454e+02, 8.28623779e+02,
    3.69649231e+02, 8.84650635e+02, 3.94091827e+02, 9.40893616e+02 ]
