%YAML:1.0
---
points: [ 2.59858521e+02, 2.04726532e+02, 2.62837982e+02, 2.22566910e+02,
    2.65782318e+02, 2.40720047e+02, 2.68525421e+02, 2.59369568e+02,
    2.71981934e+02, 2.78400635e+02, 2.75060181e+02, 2.98768463e+02,
    2.42932571e+02, 2.05722977e+02, 2.45608414e+02, 2.23855438e+02,
    2.48270294e+02, 2.42359756e+02, 2.51191284e+02, 2.61262207e+02,
    2.54461761e+02, 2.80770935e+02, 2.57483856e+02, 3.01497681e+02,
    2.25233032e+02, 2.06545410e+02, 2.27768570e+02, 2.25117035e+02,
    2.30280197e+02, 2.43887756e+02, 2.33141495e+02, 2.63381042e+02,
    2.36183197e+02, 2.83231720e+02, 2.38853592e+02, 3.04284210e+02,
    2.07062119e+02, 2.07178192e+02, 2.09254227e+02, 2.26129776e+02,
    2.11726807e+02, 2.45738983e+02, 2.14219604e+02, 2.65246185e+02,
    2.17074982e+02, 2.85848022e+02, 2.19473938e+02, 3.07446594e+02,
    1.87840012e+02, 2.07971008e+02, 1.89772644e+02, 2.27484970e+02,
    1.92043472e+02, 2.47132355e+02, 1.94424957e+02, 2.67474670e+02,
    1.96696793e+02, 2.88478333e+02, 1.98893478e+02, 3.10689575e+02,
    1.67747849e+02, 2.08628815e+02, 1.69545731e+02, 2.28812927e+02,
    1.71479691e+02, 2.48884140e+02, 1.73531631e+02, 2.69814606e+02,
    1.75635773e+02, 2.91475464e+02, 1.77442017e+02, 3.14207367e+02,
    1.46626678e+02, 2.09205124e+02, 1.48103729e+02, 2.30040649e+02,
    1.49892654e+02, 2.50840591e+02, 1.51576706e+02, 2.72281158e+02,
    1.53143646e+02, 2.94546692e+02, 1.55027786e+02, 3.17948547e+02,
    1.24267937e+02, 2.10010437e+02, 1.25789146e+02, 2.31414154e+02,
    1.27093727e+02, 2.52742279e+02, 1.28414963e+02, 2.74923218e+02,
    1.29800598e+02, 2.97718323e+02, 1.31296616e+02, 3.21605530e+02,
    1.01336014e+02, 2.11206268e+02, 1.02202713e+02, 2.32795044e+02,
    1.03119743e+02, 2.54760269e+02, 1.04086624e+02, 2.77662170e+02,
    1.05319489e+02, 3.01014099e+02, 1.06394775e+02, 3.25357117e+02 ]
