%YAML:1.0
---
points: [ 1.80100174e+02, 1.78113327e+02, 1.89705322e+02, 1.99368927e+02,
    1.99433228e+02, 2.21100403e+02, 2.09117661e+02, 2.42700958e+02,
    2.19034042e+02, 2.64726288e+02, 2.29161636e+02, 2.87121826e+02,
    1.62116272e+02, 1.88318253e+02, 1.71533234e+02, 2.09508118e+02,
    1.80953766e+02, 2.30603668e+02, 1.90523010e+02, 2.51761215e+02,
    1.99514542e+02, 2.73581146e+02, 2.09615494e+02, 2.95547028e+02,
    1.44737076e+02, 1.98316025e+02, 1.53992462e+02, 2.19107605e+02,
    1.62903442e+02, 2.39771896e+02, 1.71836456e+02, 2.60896973e+02,
    1.80507401e+02, 2.82332520e+02, 1.90515915e+02, 3.03804108e+02,
    1.27687141e+02, 2.07816696e+02, 1.36608841e+02, 2.28293167e+02,
    1.45266525e+02, 2.48847137e+02, 1.53828293e+02, 2.69487122e+02,
    1.62377502e+02, 2.90749756e+02, 1.72143723e+02, 3.11860779e+02,
    1.10712646e+02, 2.17281036e+02, 1.19607811e+02, 2.37386841e+02,
    1.27857246e+02, 2.57569275e+02, 1.36353745e+02, 2.78118835e+02,
    1.44579742e+02, 2.98891846e+02, 1.54239090e+02, 3.19484344e+02,
    9.46317215e+01, 2.26216461e+02, 1.03627930e+02, 2.46015396e+02,
    1.11483719e+02, 2.65861115e+02, 1.19525528e+02, 2.86264709e+02,
    1.27875259e+02, 3.06440491e+02, 1.36859375e+02, 3.27094696e+02,
    7.91687393e+01, 2.34857285e+02, 8.78300400e+01, 2.54299301e+02,
    9.55654984e+01, 2.74082428e+02, 1.03759445e+02, 2.93719971e+02,
    1.11724899e+02, 3.13847015e+02, 1.20625458e+02, 3.34042480e+02,
    6.42062988e+01, 2.43240997e+02, 7.28931198e+01, 2.62417389e+02,
    8.05706100e+01, 2.81660278e+02, 8.86057510e+01, 3.01242981e+02,
    9.66541443e+01, 3.20653748e+02, 1.05107780e+02, 3.40622223e+02,
    5.08139534e+01, 2.51481476e+02, 5.85320702e+01, 2.70049622e+02,
    6.61820297e+01, 2.89051636e+02, 7.40907516e+01, 3.08001282e+02,
    8.21028976e+01, 3.27234009e+02, 9.09901352e+01, 3.46248352e+02 ]
