%YAML:1.0
---
points: [ 7.72569580e+02, 4.80560669e+02, 8.13790039e+02, 4.80136719e+02,
    8.56376770e+02, 4.79690125e+02, 9.00367615e+02, 4.79310211e+02,
    9.44590637e+02, 4.78627319e+02, 9.91577637e+02, 4.78327484e+02,
    7.72657776e+02, 5.25759399e+02, 8.14348816e+02, 5.26143677e+02,
    8.56718689e+02, 5.26294250e+02, 9.00366821e+02, 5.26456665e+02,
    9.44293152e+02, 5.26656616e+02, 9.91261780e+02, 5.27034668e+02,
    7.72912659e+02, 5.71237732e+02, 8.14565979e+02, 5.72059204e+02,
    8.56691345e+02, 5.72886108e+02, 8.99680725e+02, 5.73903870e+02,
    9.43660645e+02, 5.74785828e+02, 9.90778320e+02, 5.75760864e+02,
    7.72409912e+02, 6.16646423e+02, 8.13924377e+02, 6.18066895e+02,
    8.55967285e+02, 6.19571960e+02, 8.98911987e+02, 6.21313354e+02,
    9.43203430e+02, 6.22973022e+02, 9.90435425e+02, 6.24559875e+02,
    7.71393921e+02, 6.62592041e+02, 8.13341064e+02, 6.64816467e+02,
    8.55190613e+02, 6.66863586e+02, 8.98281982e+02, 6.69473755e+02,
    9.42552917e+02, 6.71778442e+02, 9.89877258e+02, 6.74228149e+02,
    7.70576050e+02, 7.08295105e+02, 8.12793213e+02, 7.10863037e+02,
    8.54431091e+02, 7.13849243e+02, 8.97420227e+02, 7.17210876e+02,
    9.42197876e+02, 7.20158203e+02, 9.89263611e+02, 7.23450928e+02,
    7.69723877e+02, 7.54246887e+02, 8.11926758e+02, 7.57364990e+02,
    8.53725952e+02, 7.61144104e+02, 8.97147339e+02, 7.64963745e+02,
    9.41723450e+02, 7.68826477e+02, 9.88658997e+02, 7.72586792e+02,
    7.68732971e+02, 8.00327026e+02, 8.11095215e+02, 8.03866150e+02,
    8.53121094e+02, 8.08388000e+02, 8.96550110e+02, 8.12819153e+02,
    9.41391785e+02, 8.17402466e+02, 9.88327637e+02, 8.22159058e+02,
    7.68314026e+02, 8.46306396e+02, 8.10047058e+02, 8.50775757e+02,
    8.52268433e+02, 8.55814392e+02, 8.96083191e+02, 8.60917542e+02,
    9.40878906e+02, 8.66131592e+02, 9.88513855e+02, 8.71144043e+02 ]
