%YAML:1.0
---
points: [ 8.49532043e+02, 5.26299866e+02, 8.43356140e+02, 5.69018616e+02,
    8.37350647e+02, 6.12013489e+02, 8.31632446e+02, 6.56050537e+02,
    8.24530640e+02, 7.00660522e+02, 8.18373169e+02, 7.47134949e+02,
    8.12487854e+02, 5.26462952e+02, 8.06418579e+02, 5.68477234e+02,
    8.00293823e+02, 6.10859253e+02, 7.93734009e+02, 6.53924438e+02,
    7.86098938e+02, 6.97506104e+02, 7.79541748e+02, 7.43311707e+02,
    7.76848938e+02, 5.26654419e+02, 7.70429626e+02, 5.67877380e+02,
    7.63714417e+02, 6.09301758e+02, 7.56311951e+02, 6.51461182e+02,
    7.48296509e+02, 6.94541626e+02, 7.41702576e+02, 7.39471130e+02,
    7.41723816e+02, 5.26406433e+02, 7.34713623e+02, 5.66991394e+02,
    7.27736755e+02, 6.07702332e+02, 7.19920410e+02, 6.49322815e+02,
    7.11637756e+02, 6.91635559e+02, 7.04952637e+02, 7.35730652e+02,
    7.06499268e+02, 5.25782593e+02, 6.99881470e+02, 5.66136353e+02,
    6.92170715e+02, 6.06150818e+02, 6.84408997e+02, 6.46993408e+02,
    6.75570740e+02, 6.88639954e+02, 6.68869202e+02, 7.32449463e+02,
    6.72786499e+02, 5.25425232e+02, 6.66306213e+02, 5.65299194e+02,
    6.58340210e+02, 6.04576172e+02, 6.49616211e+02, 6.44881775e+02,
    6.41407593e+02, 6.86226562e+02, 6.33614868e+02, 7.28856201e+02,
    6.39727600e+02, 5.25129089e+02, 6.33363342e+02, 5.64362000e+02,
    6.24969849e+02, 6.03191284e+02, 6.16821350e+02, 6.43106140e+02,
    6.08166809e+02, 6.83459900e+02, 6.00097290e+02, 7.25636597e+02,
    6.07603516e+02, 5.24518188e+02, 6.01228516e+02, 5.63320557e+02,
    5.92677856e+02, 6.01742310e+02, 5.84662354e+02, 6.40972290e+02,
    5.76088257e+02, 6.81172363e+02, 5.67382874e+02, 7.22580688e+02,
    5.76775024e+02, 5.24521179e+02, 5.69697571e+02, 5.62329590e+02,
    5.61282410e+02, 6.00403137e+02, 5.53312195e+02, 6.39270935e+02,
    5.44510193e+02, 6.78533081e+02, 5.37143799e+02, 7.19518188e+02 ]
