%YAML:1.0
---
points: [ 3.00906860e+02, 3.37382324e+02, 2.79146759e+02, 3.37675385e+02,
    2.57767914e+02, 3.37701294e+02, 2.36529953e+02, 3.37420624e+02,
    2.15152420e+02, 3.38023987e+02, 1.93702148e+02, 3.37715179e+02,
    3.00801025e+02, 3.17106049e+02, 2.78962341e+02, 3.16976654e+02,
    2.57381561e+02, 3.17123169e+02, 2.35971893e+02, 3.17345551e+02,
    2.14404785e+02, 3.17905731e+02, 1.92832108e+02, 3.17932800e+02,
    3.00667816e+02, 2.96223145e+02, 2.78624542e+02, 2.96316223e+02,
    2.57059631e+02, 2.96412170e+02, 2.35339355e+02, 2.96950348e+02,
    2.13664078e+02, 2.97599335e+02, 1.92021896e+02, 2.97486725e+02,
    3.00625122e+02, 2.75406097e+02, 2.78395660e+02, 2.75684052e+02,
    2.56516541e+02, 2.75832245e+02, 2.34772858e+02, 2.76166962e+02,
    2.12869431e+02, 2.76978729e+02, 1.91030090e+02, 2.76833923e+02,
    3.00539093e+02, 2.54059067e+02, 2.78106262e+02, 2.54127335e+02,
    2.56264771e+02, 2.54663788e+02, 2.34214310e+02, 2.55205856e+02,
    2.12146042e+02, 2.55620865e+02, 1.90174271e+02, 2.55767441e+02,
    3.00524933e+02, 2.32795471e+02, 2.77853851e+02, 2.32910385e+02,
    2.55677643e+02, 2.33303360e+02, 2.33525940e+02, 2.33786911e+02,
    2.11342941e+02, 2.34241302e+02, 1.89006393e+02, 2.34243896e+02,
    3.00625000e+02, 2.10812607e+02, 2.77703064e+02, 2.11021606e+02,
    2.55303299e+02, 2.11553802e+02, 2.32986496e+02, 2.12114731e+02,
    2.10423218e+02, 2.12298798e+02, 1.87715515e+02, 2.12622360e+02,
    3.00618378e+02, 1.88572479e+02, 2.77488739e+02, 1.88957016e+02,
    2.54836227e+02, 1.89422363e+02, 2.32362808e+02, 1.89721542e+02,
    2.09580276e+02, 1.90050781e+02, 1.86587097e+02, 1.90365372e+02,
    3.00462006e+02, 1.66007065e+02, 2.77300903e+02, 1.66240082e+02,
    2.54441772e+02, 1.66680817e+02, 2.31471634e+02, 1.66906204e+02,
    2.08589294e+02, 1.67239822e+02, 1.85670044e+02, 1.67637131e+02 ]
