%YAML:1.0
---
points: [ 2.12519653e+02, 1.86407333e+02, 2.27318924e+02, 1.86049362e+02,
    2.42395615e+02, 1.85846985e+02, 2.57714081e+02, 1.85538147e+02,
    2.73451843e+02, 1.85172668e+02, 2.90263550e+02, 1.85082962e+02,
    2.12832870e+02, 2.02104355e+02, 2.27564377e+02, 2.02017792e+02,
    2.42594681e+02, 2.02007187e+02, 2.58012604e+02, 2.01734161e+02,
    2.73461334e+02, 2.01826202e+02, 2.90239746e+02, 2.01610352e+02,
    2.13054108e+02, 2.17891022e+02, 2.27864395e+02, 2.17994827e+02,
    2.42579666e+02, 2.18105179e+02, 2.57959381e+02, 2.18276779e+02,
    2.73428375e+02, 2.18444046e+02, 2.90233612e+02, 2.18602982e+02,
    2.13071396e+02, 2.33550003e+02, 2.27766464e+02, 2.33953659e+02,
    2.42736954e+02, 2.34254913e+02, 2.57829041e+02, 2.34752350e+02,
    2.73547546e+02, 2.35179855e+02, 2.90252991e+02, 2.35514191e+02,
    2.12867096e+02, 2.49538223e+02, 2.27711990e+02, 2.50098419e+02,
    2.42527847e+02, 2.50777771e+02, 2.57822540e+02, 2.51270218e+02,
    2.73601471e+02, 2.52111237e+02, 2.90302887e+02, 2.52800903e+02,
    2.12690048e+02, 2.65395844e+02, 2.27722107e+02, 2.66084290e+02,
    2.42457764e+02, 2.66979309e+02, 2.57728485e+02, 2.67949402e+02,
    2.73575226e+02, 2.68907410e+02, 2.90361694e+02, 2.69910431e+02,
    2.12424622e+02, 2.81286896e+02, 2.27547821e+02, 2.82292908e+02,
    2.42542130e+02, 2.83418610e+02, 2.57795654e+02, 2.84618744e+02,
    2.73664429e+02, 2.85898163e+02, 2.90455292e+02, 2.87149536e+02,
    2.12464157e+02, 2.97565796e+02, 2.27494492e+02, 2.98487762e+02,
    2.42402924e+02, 2.99958313e+02, 2.57853027e+02, 3.01225220e+02,
    2.73738129e+02, 3.02783417e+02, 2.90518768e+02, 3.04251495e+02,
    2.12546326e+02, 3.13491547e+02, 2.27292038e+02, 3.14855621e+02,
    2.42308456e+02, 3.16495850e+02, 2.57874756e+02, 3.18152985e+02,
    2.73877899e+02, 3.19676208e+02, 2.90756958e+02, 3.21401154e+02 ]
