%YAML:1.0
---
points: [ 9.81183289e+02, 5.35660889e+02, 9.81745361e+02, 5.90859253e+02,
    9.82437683e+02, 6.47189209e+02, 9.83277466e+02, 7.05352295e+02,
    9.84243835e+02, 7.65164368e+02, 9.84861267e+02, 8.27856934e+02,
    9.25521545e+02, 5.36690491e+02, 9.25363831e+02, 5.91913391e+02,
    9.25288513e+02, 6.48239441e+02, 9.25211426e+02, 7.06040039e+02,
    9.24793335e+02, 7.65538574e+02, 9.24596619e+02, 8.28187134e+02,
    8.70125305e+02, 5.37849487e+02, 8.69222107e+02, 5.92786438e+02,
    8.68193481e+02, 6.48858887e+02, 8.66790405e+02, 7.06451416e+02,
    8.65496765e+02, 7.65858826e+02, 8.64496887e+02, 8.28523682e+02,
    8.14648682e+02, 5.38457336e+02, 8.12806946e+02, 5.93364807e+02,
    8.10975159e+02, 6.49395630e+02, 8.08628601e+02, 7.06799133e+02,
    8.06367310e+02, 7.66326843e+02, 8.04302185e+02, 8.29023071e+02,
    7.58457153e+02, 5.38660645e+02, 7.55922241e+02, 5.93847595e+02,
    7.53094177e+02, 6.49619019e+02, 7.49782654e+02, 7.07304688e+02,
    7.46270752e+02, 7.66735657e+02, 7.43476990e+02, 8.29489319e+02,
    7.02847290e+02, 5.39019836e+02, 6.99767212e+02, 5.94372192e+02,
    6.95757141e+02, 6.50024536e+02, 6.91397827e+02, 7.07621277e+02,
    6.86998474e+02, 7.67344543e+02, 6.82816711e+02, 8.30160217e+02,
    6.47048828e+02, 5.39353333e+02, 6.43212280e+02, 5.94766357e+02,
    6.38290833e+02, 6.50542297e+02, 6.33313904e+02, 7.08398010e+02,
    6.27730713e+02, 7.68108765e+02, 6.22526001e+02, 8.30801453e+02,
    5.90838562e+02, 5.39494263e+02, 5.86471558e+02, 5.95256165e+02,
    5.80740234e+02, 6.51129578e+02, 5.74925293e+02, 7.08813354e+02,
    5.68707642e+02, 7.68765686e+02, 5.62263367e+02, 8.31468140e+02,
    5.35055298e+02, 5.40342957e+02, 5.29312622e+02, 5.95586609e+02,
    5.22842102e+02, 6.51485168e+02, 5.16378296e+02, 7.09519043e+02,
    5.09238403e+02, 7.69472290e+02, 5.02776764e+02, 8.32229187e+02 ]
