%YAML:1.0
---
points: [ 2.86650665e+02, 3.17005859e+02, 2.69434631e+02, 3.19821808e+02,
    2.51909058e+02, 3.22548462e+02, 2.33713516e+02, 3.25328491e+02,
    2.14717575e+02, 3.28588989e+02, 1.94529129e+02, 3.31221497e+02,
    2.86900635e+02, 2.99312073e+02, 2.69810242e+02, 3.01550842e+02,
    2.52102295e+02, 3.03889832e+02, 2.33869064e+02, 3.06560242e+02,
    2.15068558e+02, 3.09466492e+02, 1.94692947e+02, 3.12133972e+02,
    2.87413483e+02, 2.81322296e+02, 2.70182648e+02, 2.83224243e+02,
    2.52543304e+02, 2.85404083e+02, 2.34385178e+02, 2.87657654e+02,
    2.15506073e+02, 2.90259979e+02, 1.94947495e+02, 2.92398376e+02,
    2.88063110e+02, 2.63260437e+02, 2.70753571e+02, 2.64886383e+02,
    2.52992844e+02, 2.66642578e+02, 2.34908554e+02, 2.68555603e+02,
    2.15654938e+02, 2.70855774e+02, 1.95156052e+02, 2.72439697e+02,
    2.88881653e+02, 2.44961456e+02, 2.71388428e+02, 2.46023315e+02,
    2.53714676e+02, 2.47654694e+02, 2.35360794e+02, 2.49210968e+02,
    2.16091141e+02, 2.50747284e+02, 1.95391464e+02, 2.52165329e+02,
    2.89679199e+02, 2.26372787e+02, 2.72084015e+02, 2.27212860e+02,
    2.54394562e+02, 2.28453415e+02, 2.35777924e+02, 2.29606186e+02,
    2.16364532e+02, 2.30881714e+02, 1.95529419e+02, 2.31818436e+02,
    2.90724365e+02, 2.07859726e+02, 2.72759125e+02, 2.08208664e+02,
    2.54907837e+02, 2.08995575e+02, 2.36177139e+02, 2.09682007e+02,
    2.16530167e+02, 2.10303589e+02, 1.95540817e+02, 2.11054367e+02,
    2.91618866e+02, 1.88741470e+02, 2.73492828e+02, 1.89048141e+02,
    2.55567566e+02, 1.89251175e+02, 2.36441681e+02, 1.89508026e+02,
    2.16631653e+02, 1.89877487e+02, 1.95602112e+02, 1.90039291e+02,
    2.92124542e+02, 1.69593231e+02, 2.74410492e+02, 1.69313065e+02,
    2.56182617e+02, 1.69114563e+02, 2.36772919e+02, 1.68938324e+02,
    2.16788513e+02, 1.68794144e+02, 1.95324081e+02, 1.68414520e+02 ]
