%YAML:1.0
---
points: [ 2.39645508e+02, 1.78824341e+02, 2.47081375e+02, 1.88117508e+02,
    2.54804779e+02, 1.97728134e+02, 2.62654083e+02, 2.07585312e+02,
    2.70784180e+02, 2.17740173e+02, 2.79276733e+02, 2.28655746e+02,
    2.29103775e+02, 1.86867401e+02, 2.36364380e+02, 1.96420349e+02,
    2.43894714e+02, 2.06290131e+02, 2.51614670e+02, 2.16237656e+02,
    2.59344696e+02, 2.26349686e+02, 2.67834900e+02, 2.37235748e+02,
    2.18414963e+02, 1.95086014e+02, 2.25572266e+02, 2.04681091e+02,
    2.32855957e+02, 2.14527878e+02, 2.40273651e+02, 2.24594467e+02,
    2.47831818e+02, 2.34862854e+02, 2.56094818e+02, 2.46164764e+02,
    2.07644394e+02, 2.02947479e+02, 2.14575989e+02, 2.12875015e+02,
    2.21685852e+02, 2.22832657e+02, 2.28911072e+02, 2.33028381e+02,
    2.36319199e+02, 2.43597336e+02, 2.44552475e+02, 2.54915405e+02,
    1.96442932e+02, 2.11098236e+02, 2.03262833e+02, 2.21194839e+02,
    2.10236282e+02, 2.31208115e+02, 2.17321976e+02, 2.41654984e+02,
    2.24646866e+02, 2.52378143e+02, 2.32524551e+02, 2.64018402e+02,
    1.85224014e+02, 2.19212738e+02, 1.92234146e+02, 2.29358704e+02,
    1.98867340e+02, 2.39585373e+02, 2.05808197e+02, 2.50192215e+02,
    2.12892899e+02, 2.61247223e+02, 2.20654617e+02, 2.72851746e+02,
    1.74106079e+02, 2.26980957e+02, 1.80823410e+02, 2.37667480e+02,
    1.87439178e+02, 2.48112289e+02, 1.94224976e+02, 2.58873657e+02,
    2.01206253e+02, 2.70109863e+02, 2.08591019e+02, 2.81978516e+02,
    1.62676010e+02, 2.35309814e+02, 1.69480301e+02, 2.45918457e+02,
    1.75891907e+02, 2.56607391e+02, 1.82594467e+02, 2.67649414e+02,
    1.89337997e+02, 2.79068115e+02, 1.96633087e+02, 2.91077118e+02,
    1.51568680e+02, 2.43710968e+02, 1.57873459e+02, 2.54328934e+02,
    1.64196457e+02, 2.65155945e+02, 1.70865524e+02, 2.76511108e+02,
    1.77498856e+02, 2.88003784e+02, 1.84666656e+02, 3.00463318e+02 ]
