%YAML:1.0
---
points: [ 8.60026672e+02, 4.59433563e+02, 8.80359924e+02, 4.86443512e+02,
    9.01250977e+02, 5.14442078e+02, 9.22999939e+02, 5.43507812e+02,
    9.45049744e+02, 5.72836182e+02, 9.68484741e+02, 6.04224182e+02,
    8.29138733e+02, 4.82461731e+02, 8.49141052e+02, 5.10273315e+02,
    8.69543030e+02, 5.38609558e+02, 8.90559326e+02, 5.67740845e+02,
    9.11820007e+02, 5.97292847e+02, 9.34706177e+02, 6.29194824e+02,
    7.98027344e+02, 5.05662476e+02, 8.17507202e+02, 5.33742981e+02,
    8.37315247e+02, 5.62401672e+02, 8.57549622e+02, 5.91647034e+02,
    8.78235779e+02, 6.21645996e+02, 9.00755737e+02, 6.54224487e+02,
    7.66430542e+02, 5.28417236e+02, 7.85434143e+02, 5.56906189e+02,
    8.04673523e+02, 5.85881897e+02, 8.24427917e+02, 6.15691467e+02,
    8.44539429e+02, 6.46320618e+02, 8.66671204e+02, 6.79312256e+02,
    7.33898621e+02, 5.51239441e+02, 7.52801208e+02, 5.80484741e+02,
    7.71405884e+02, 6.09830627e+02, 7.90569031e+02, 6.40156250e+02,
    8.10293030e+02, 6.71279480e+02, 8.31914612e+02, 7.04775879e+02,
    7.01658081e+02, 5.73940002e+02, 7.20377441e+02, 6.03790710e+02,
    7.38355957e+02, 6.33583130e+02, 7.56942688e+02, 6.64308472e+02,
    7.76392639e+02, 6.96247314e+02, 7.97202576e+02, 7.30186157e+02,
    6.69009216e+02, 5.96915283e+02, 6.87427734e+02, 6.27374146e+02,
    7.05075989e+02, 6.57611450e+02, 7.23431885e+02, 6.89100342e+02,
    7.42158508e+02, 7.21438782e+02, 7.62284546e+02, 7.55762573e+02,
    6.36187439e+02, 6.19761658e+02, 6.54232178e+02, 6.50726379e+02,
    6.71546753e+02, 6.81697144e+02, 6.89391846e+02, 7.13693359e+02,
    7.07888184e+02, 7.46751099e+02, 7.27314636e+02, 7.81638184e+02,
    6.03532349e+02, 6.43626648e+02, 6.20599915e+02, 6.74488220e+02,
    6.37614746e+02, 7.05950745e+02, 6.55305359e+02, 7.38643921e+02,
    6.73103821e+02, 7.72350159e+02, 6.92726013e+02, 8.07903564e+02 ]
