%YAML:1.0
---
rotation: !!opencv-matrix
   rows: 3
   cols: 3
   dt: d
   data: [ 9.9993196692160236e-01, -1.0307083243102847e-02,
       5.4612785421887548e-03, 1.0329421183783277e-02,
       9.9993833481520145e-01, -4.0779437232731442e-03,
       -5.4189100660217730e-03, 4.1340781344723120e-03,
       9.9997677213607039e-01 ]
translation: !!opencv-matrix
   rows: 3
   cols: 1
   dt: d
   data: [ -5.0460876517128578e-02, -1.0973172289440892e-03,
       -9.5424895415269200e-03 ]
essential: !!opencv-matrix
   rows: 3
   cols: 3
   dt: d
   data: [ 1.0451465699382278e-04, 9.5373647069831452e-03,
       -1.1362054759390769e-03, -9.8152832882867826e-03,
       3.0696444030672490e-04, 5.0407590225382867e-02,
       5.7601092822672536e-04, -5.0469074977875873e-02,
       2.1176936970029205e-04 ]
fundamental: !!opencv-matrix
   rows: 3
   cols: 3
   dt: d
   data: [ 6.0925285689980770e-08, 5.5510454994439502e-06,
       -1.3877009881824998e-03, -5.6953949536372427e-06,
       1.7784231287359397e-07, 1.2228337124105967e-02,
       3.3461832222561562e-03, -3.6263393053133801e-02, 1. ]
