%YAML:1.0
---
depthShift: -3.0668195215410947e+01
