%YAML:1.0
---
cameraMatrix: !!opencv-matrix
   rows: 3
   cols: 3
   dt: d
   data: [ 3.6953738226547716e+02, 0., 2.5559406969853248e+02, 0.,
       3.7011130946957223e+02, 2.0309175262193997e+02, 0., 0., 1. ]
distortionCoefficients: !!opencv-matrix
   rows: 1
   cols: 5
   dt: d
   data: [ 1.1437226422151124e-01, -3.3864544776776190e-01,
       1.1880750304044512e-04, 4.7441829380875380e-04,
       1.6820431797292112e-01 ]
rotation: !!opencv-matrix
   rows: 3
   cols: 3
   dt: d
   data: [ 1., 0., 0., 0., 1., 0., 0., 0., 1. ]
projection: !!opencv-matrix
   rows: 4
   cols: 4
   dt: d
   data: [ 3.6953738226547716e+02, 0., 2.5559406969853248e+02, 0., 0.,
       3.7011130946957223e+02, 2.0309175262193997e+02, 0., 0., 0., 1.,
       0., 0., 0., 0., 1. ]
