%YAML:1.0
---
cameraMatrix: !!opencv-matrix
   rows: 3
   cols: 3
   dt: d
   data: [ 1.0516734319053598e+03, 0., 9.5038929149253659e+02, 0.,
       1.0565261968656623e+03, 5.3568858905509649e+02, 0., 0., 1. ]
distortionCoefficients: !!opencv-matrix
   rows: 1
   cols: 5
   dt: d
   data: [ 4.5585583362809226e-02, -1.0870424557631678e-01,
       5.7511113128409167e-04, -3.3470143938802242e-03,
       9.2964373620982824e-02 ]
rotation: !!opencv-matrix
   rows: 3
   cols: 3
   dt: d
   data: [ 1., 0., 0., 0., 1., 0., 0., 0., 1. ]
projection: !!opencv-matrix
   rows: 4
   cols: 4
   dt: d
   data: [ 1.0516734319053598e+03, 0., 9.5038929149253659e+02, 0., 0.,
       1.0565261968656623e+03, 5.3568858905509649e+02, 0., 0., 0., 1.,
       0., 0., 0., 0., 1. ]
